55301574566225830.13400,0.05700,0.06700,-0.10800,0.03600,-1.62000,0.00000,0.00000,0.00000,0.00000,0.05461,-0.06227,0.00000,0.06227,0.05461,0.99990,0.00400,-0.01336,-0.00408,0.99998,-0.00565,0.01334,0.00570,0.99989,0.00388,-0.00579,-0.01336,-0.79917
55301574566225830.13400,0.05700,0.06700,-0.10800,0.03600,-1.62000,0.00000,0.00000,0.00000,0.00000,0.05461,-0.06227,0.00000,0.06227,0.05461,0.99990,0.00400,-0.01336,-0.00408,0.99998,-0.00565,0.01334,0.00570,0.99989,0.00388,-0.00579,-0.01336,-0.79917
55301575226257380.04800,0.01000,0.04800,-0.10800,0.03600,-1.62000,0.00000,0.00000,0.00000,0.00000,0.04938,-0.05584,0.00000,0.05584,0.04938,0.99999,-0.00043,-0.00475,0.00043,1.00000,-0.00105,0.00475,0.00105,0.99999,-0.00045,-0.00104,-0.00475,0.27268
55301575226257380.04800,0.01000,0.04800,-0.10800,0.03600,-1.62000,0.00000,0.00000,0.00000,0.00000,0.04938,-0.05584,0.00000,0.05584,0.04938,0.99999,-0.00043,-0.00475,0.00043,1.00000,-0.00105,0.00475,0.00105,0.99999,-0.00045,-0.00104,-0.00475,0.27268
55301575886314290.04800,0.05700,0.12400,-0.21600,0.14400,-1.51200,0.00000,0.00000,0.00000,0.00000,0.04883,-0.05516,0.00000,0.05516,0.04883,0.99998,-0.00381,-0.00455,0.00379,0.99998,-0.00589,0.00457,0.00587,0.99997,-0.00394,-0.00579,-0.00455,0.33920
55301575886314290.04800,0.05700,0.12400,-0.21600,0.14400,-1.51200,0.00000,0.00000,0.00000,0.00000,0.04883,-0.05516,0.00000,0.05516,0.04883,0.99998,-0.00381,-0.00455,0.00379,0.99998,-0.00589,0.00457,0.00587,0.99997,-0.00394,-0.00579,-0.00455,0.33920
55301576546223520.04800,0.03800,-0.03800,-0.21600,0.14400,-1.51200,0.00000,0.00000,0.00000,0.00000,0.04918,-0.05560,0.00000,0.05560,0.04918,0.99997,-0.00541,-0.00498,0.00539,0.99998,-0.00399,0.00501,0.00397,0.99998,-0.00550,-0.00385,-0.00497,0.42104
55301576546223520.04800,0.03800,-0.03800,-0.21600,0.14400,-1.51200,0.00000,0.00000,0.00000,0.00000,0.04918,-0.05560,0.00000,0.05560,0.04918,0.99997,-0.00541,-0.00498,0.00539,0.99998,-0.00399,0.00501,0.00397,0.99998,-0.00550,-0.00385,-0.00497,0.42104
55301577206224300.02900,0.00000,0.12400,-0.21600,0.14400,-1.51200,0.00000,0.00000,0.00000,0.00000,0.04789,-0.05402,0.00000,0.05402,0.04789,0.99996,-0.00874,-0.00269,0.00874,0.99996,-0.00028,0.00269,0.00026,1.00000,-0.00875,-0.00007,-0.00264,0.52339
55301577206224300.02900,0.00000,0.12400,-0.21600,0.14400,-1.51200,0.00000,0.00000,0.00000,0.00000,0.04789,-0.05402,0.00000,0.05402,0.04789,0.99996,-0.00874,-0.00269,0.00874,0.99996,-0.00028,0.00269,0.00026,1.00000,-0.00875,-0.00007,-0.00264,0.52339
55301577750367370.09600,0.08500,0.06700,-0.21600,0.14400,-1.51200,0.00000,0.00000,0.00000,0.00000,0.05185,-0.05886,0.00000,0.05886,0.05185,0.99995,-0.00117,-0.00953,0.00109,0.99996,-0.00865,0.00954,0.00864,0.99992,-0.00136,-0.00861,-0.00953,0.54965
55301577750367370.09600,0.08500,0.06700,-0.21600,0.14400,-1.51200,0.00000,0.00000,0.00000,0.00000,0.05185,-0.05886,0.00000,0.05886,0.05185,0.99995,-0.00117,-0.00953,0.00109,0.99996,-0.00865,0.00954,0.00864,0.99992,-0.00136,-0.00861,-0.00953,0.54965
55301578526463530.00000,0.07600,0.12400,-0.10800,0.18000,-1.40400,0.00000,0.00000,0.00000,0.00000,0.04022,-0.04483,0.00000,0.04483,0.04022,0.99998,-0.00566,0.00028,0.00566,0.99995,-0.00781,-0.00023,0.00782,0.99997,-0.00583,-0.00769,0.00027,0.32264
55301578526463530.00000,0.07600,0.12400,-0.10800,0.18000,-1.40400,0.00000,0.00000,0.00000,0.00000,0.04022,-0.04483,0.00000,0.04483,0.04022,0.99998,-0.00566,0.00028,0.00566,0.99995,-0.00781,-0.00023,0.00782,0.99997,-0.00583,-0.00769,0.00027,0.32264
55301579186305830.04800,0.01000,0.01900,-0.10800,0.18000,-1.36800,0.00000,0.00000,0.00000,0.00000,0.04283,-0.04794,0.00000,0.04794,0.04283,0.99993,-0.01106,-0.00487,0.01106,0.99994,-0.00132,0.00489,0.00126,0.99999,-0.01109,-0.00103,-0.00482,0.69210
55301579186305830.04800,0.01000,0.01900,-0.10800,0.18000,-1.36800,0.00000,0.00000,0.00000,0.00000,0.04283,-0.04794,0.00000,0.04794,0.04283,0.99993,-0.01106,-0.00487,0.01106,0.99994,-0.00132,0.00489,0.00126,0.99999,-0.01109,-0.00103,-0.00482,0.69210
55301579846439680.01000,0.05700,0.03800,-0.07200,0.14400,-1.22400,0.00000,0.00000,0.00000,0.00000,0.03524,-0.03898,0.00000,0.03898,0.03524,0.99999,-0.00475,-0.00093,0.00474,0.99997,-0.00590,0.00096,0.00589,0.99998,-0.00487,-0.00579,-0.00093,0.27695
55301579846439680.01000,0.05700,0.03800,-0.07200,0.14400,-1.22400,0.00000,0.00000,0.00000,0.00000,0.03524,-0.03898,0.00000,0.03898,0.03524,0.99999,-0.00475,-0.00093,0.00474,0.99997,-0.00590,0.00096,0.00589,0.99998,-0.00487,-0.00579,-0.00093,0.27695
55301580506298140.03900,0.05700,-0.02900,-0.03600,0.14400,-1.22400,0.00000,0.00000,0.00000,0.00000,0.03638,-0.04031,0.00000,0.04031,0.03638,0.99998,-0.00475,-0.00403,0.00473,0.99997,-0.00591,0.00406,0.00589,0.99997,-0.00487,-0.00579,-0.00403,0.35498
55301580506298140.03900,0.05700,-0.02900,-0.03600,0.14400,-1.22400,0.00000,0.00000,0.00000,0.00000,0.03638,-0.04031,0.00000,0.04031,0.03638,0.99998,-0.00475,-0.00403,0.00473,0.99997,-0.00591,0.00406,0.00589,0.99997,-0.00487,-0.00579,-0.00403,0.35498
55301581166280440.03900,0.05700,-0.01000,-0.07200,0.25200,-1.33200,0.00000,0.00000,0.00000,0.00000,0.04035,-0.04498,0.00000,0.04498,0.04035,0.99991,-0.01253,-0.00398,0.01250,0.99990,-0.00611,0.00406,0.00606,0.99997,-0.01265,-0.00579,-0.00398,0.75303
55301581166280440.03900,0.05700,-0.01000,-0.07200,0.25200,-1.33200,0.00000,0.00000,0.00000,0.00000,0.04035,-0.04498,0.00000,0.04498,0.04035,0.99991,-0.01253,-0.00398,0.01250,0.99990,-0.00611,0.00406,0.00606,0.99997,-0.01265,-0.00579,-0.00398,0.75303
55301581845467370.03900,0.04800,-0.01000,-0.07200,0.25200,-1.33200,0.00000,0.00000,0.00000,0.00000,0.04040,-0.04504,0.00000,0.04504,0.04040,0.99990,-0.01331,-0.00400,0.01329,0.99990,-0.00521,0.00406,0.00516,0.99998,-0.01342,-0.00487,-0.00398,0.79598
55301581845467370.03900,0.04800,-0.01000,-0.07200,0.25200,-1.33200,0.00000,0.00000,0.00000,0.00000,0.04040,-0.04504,0.00000,0.04504,0.04040,0.99990,-0.01331,-0.00400,0.01329,0.99990,-0.00521,0.00406,0.00516,0.99998,-0.01342,-0.00487,-0.00398,0.79598
55301582475591210.00000,0.09500,-0.01900,-0.07200,0.25200,-1.33200,0.00000,0.00000,0.00000,0.00000,0.03761,-0.04175,0.00000,0.04175,0.03761,0.99996,-0.00943,-0.00000,0.00943,0.99991,-0.00986,0.00010,0.00986,0.99995,-0.00964,-0.00965,-0.00004,0.54032
55301582475591210.00000,0.09500,-0.01900,-0.07200,0.25200,-1.33200,0.00000,0.00000,0.00000,0.00000,0.03761,-0.04175,0.00000,0.04175,0.03761,0.99996,-0.00943,-0.00000,0.00943,0.99991,-0.00986,0.00010,0.00986,0.99995,-0.00964,-0.00965,-0.00004,0.54032
55301583146031990.01900,0.01000,0.06700,-0.10800,0.25200,-1.29600,0.00000,0.00000,0.00000,0.00000,0.03906,-0.04346,0.00000,0.04346,0.03906,0.99986,-0.01656,-0.00185,0.01656,0.99986,-0.00143,0.00187,0.00140,1.00000,-0.01659,-0.00105,-0.00177,0.95470
55301583146031990.01900,0.01000,0.06700,-0.10800,0.25200,-1.29600,0.00000,0.00000,0.00000,0.00000,0.03906,-0.04346,0.00000,0.04346,0.03906,0.99986,-0.01656,-0.00185,0.01656,0.99986,-0.00143,0.00187,0.00140,1.00000,-0.01659,-0.00105,-0.00177,0.95470
55301583833890440.08600,0.05700,0.03800,-0.10800,0.07200,-1.22400,0.00000,0.00000,0.00000,0.00000,0.04096,-0.04571,0.00000,0.04571,0.04096,0.99996,0.00118,-0.00861,-0.00123,0.99998,-0.00575,0.00861,0.00576,0.99995,0.00105,-0.00579,-0.00861,-0.49693
55301583833890440.08600,0.05700,0.03800,-0.10800,0.07200,-1.22400,0.00000,0.00000,0.00000,0.00000,0.04096,-0.04571,0.00000,0.04571,0.04096,0.99996,0.00118,-0.00861,-0.00123,0.99998,-0.00575,0.00861,0.00576,0.99995,0.00105,-0.00579,-0.00861,-0.49693
55301584466294290.01900,0.05700,-0.04800,-0.10800,0.07200,-1.15200,0.00000,0.00000,0.00000,0.00000,0.03477,-0.03842,0.00000,0.03842,0.03477,1.00000,0.00082,-0.00204,-0.00083,0.99998,-0.00577,0.00204,0.00577,0.99998,0.00069,-0.00579,-0.00204,-0.12511
55301585649666600.06700,0.01900,-0.06700,-0.10800,0.07200,-1.15200,0.00000,0.00000,0.00000,0.00000,0.03815,-0.04238,0.00000,0.04238,0.03815,0.99997,-0.00228,-0.00700,0.00227,1.00000,-0.00197,0.00701,0.00195,0.99997,-0.00232,-0.00190,-0.00699,0.42197
55301585126159690.06700,0.01900,-0.06700,-0.21600,0.10800,-0.93600,0.00000,0.00000,0.00000,0.00000,0.03503,-0.03874,0.00000,0.03874,0.03503,0.99997,-0.00438,-0.00701,0.00436,0.99999,-0.00203,0.00702,0.00200,0.99997,-0.00442,-0.00190,-0.00699,0.47313
55301586309757370.07700,0.03800,0.03800,-0.21600,0.10800,-0.93600,0.00000,0.00000,0.00000,0.00000,0.03540,-0.03917,0.00000,0.03917,0.03540,0.99997,-0.00261,-0.00771,0.00258,0.99999,-0.00394,0.00772,0.00392,0.99996,-0.00270,-0.00387,-0.00770,0.46646
55301585786243530.07700,0.03800,0.03800,-0.21600,0.10800,-0.93600,0.00000,0.00000,0.00000,0.00000,0.03540,-0.03917,0.00000,0.03917,0.03540,0.99997,-0.00261,-0.00771,0.00258,0.99999,-0.00394,0.00772,0.00392,0.99996,-0.00270,-0.00387,-0.00770,0.46646
55301586969651990.04800,0.04800,0.01900,-0.21600,0.10800,-0.93600,0.00000,0.00000,0.00000,0.00000,0.03348,-0.03693,0.00000,0.03693,0.03348,0.99999,-0.00190,-0.00482,0.00188,0.99999,-0.00493,0.00483,0.00492,0.99998,-0.00201,-0.00488,-0.00482,0.29541
55301586446299670.04800,0.04800,0.01900,-0.21600,0.10800,-0.93600,0.00000,0.00000,0.00000,0.00000,0.03348,-0.03693,0.00000,0.03693,0.03348,0.99999,-0.00190,-0.00482,0.00188,0.99999,-0.00493,0.00483,0.00492,0.99998,-0.00201,-0.00488,-0.00482,0.29541
55301587629624310.01900,0.01900,0.06700,-0.21600,0.10800,-0.93600,0.00000,0.00000,0.00000,0.00000,0.03163,-0.03479,0.00000,0.03479,0.03163,0.99999,-0.00468,-0.00179,0.00467,0.99999,-0.00206,0.00180,0.00206,1.00000,-0.00472,-0.00196,-0.00177,0.28667
55301587106371210.01900,0.01900,0.06700,-0.18000,0.07200,-0.86400,0.00000,0.00000,0.00000,0.00000,0.02876,-0.03149,0.00000,0.03149,0.02876,1.00000,-0.00224,-0.00178,0.00224,1.00000,-0.00201,0.00179,0.00200,1.00000,-0.00229,-0.00196,-0.00177,0.16313
55301588289641220.01900,0.05700,-0.72800,-0.18000,0.07200,-0.86400,0.00000,0.00000,0.00000,0.00000,0.02991,-0.03281,0.00000,0.03281,0.02991,0.99999,0.00130,-0.00379,-0.00132,0.99998,-0.00576,0.00378,0.00576,0.99998,0.00118,-0.00579,-0.00379,-0.22642
55301587766291220.01900,0.05700,-0.72800,-0.10800,0.18000,-1.36800,0.00000,0.00000,0.00000,0.00000,0.04193,-0.04687,0.00000,0.04687,0.04193,0.99997,-0.00705,-0.00378,0.00702,0.99996,-0.00597,0.00383,0.00594,0.99998,-0.00717,-0.00579,-0.00379,0.45714
55301588949681210.00000,0.07600,0.01900,-0.10800,0.18000,-1.36800,0.00000,0.00000,0.00000,0.00000,0.03938,-0.04384,0.00000,0.04384,0.03938,0.99998,-0.00562,0.00005,0.00562,0.99995,-0.00784,-0.00001,0.00784,0.99997,-0.00579,-0.00771,0.00004,0.32203
55301588426311230.00000,0.07600,0.01900,-0.10800,0.14400,-1.36800,0.00000,0.00000,0.00000,0.00000,0.03932,-0.04377,0.00000,0.04377,0.03932,1.00000,-0.00297,0.00005,0.00297,0.99997,-0.00778,-0.00002,0.00778,0.99997,-0.00313,-0.00771,0.00004,0.16902
55301589609894290.01000,0.04800,0.00000,-0.10800,0.14400,-1.36800,0.00000,0.00000,0.00000,0.00000,0.04014,-0.04473,0.00000,0.04473,0.04014,0.99999,-0.00536,-0.00102,0.00535,0.99997,-0.00500,0.00105,0.00499,0.99999,-0.00546,-0.00487,-0.00102,0.31090
55301589086651990.01000,0.04800,0.00000,-0.10800,0.14400,-1.33200,0.00000,0.00000,0.00000,0.00000,0.03915,-0.04357,0.00000,0.04357,0.03915,0.99999,-0.00536,-0.00102,0.00535,0.99997,-0.00500,0.00105,0.00499,0.99999,-0.00546,-0.00487,-0.00102,0.31153
55301590269850450.04800,0.01000,0.03800,-0.10800,0.14400,-1.33200,0.00000,0.00000,0.00000,0.00000,0.04175,-0.04665,0.00000,0.04665,0.04175,0.99995,-0.00842,-0.00481,0.00842,0.99996,-0.00125,0.00482,0.00121,0.99999,-0.00845,-0.00103,-0.00477,0.55532
55301589760238910.04800,0.01000,0.03800,-0.10800,0.14400,-1.29600,0.00000,0.00000,0.00000,0.00000,0.04078,-0.04549,0.00000,0.04549,0.04078,0.99995,-0.00843,-0.00481,0.00843,0.99996,-0.00125,0.00482,0.00121,0.99999,-0.00846,-0.00103,-0.00477,0.55602
55301590923068140.02900,0.02900,-0.08600,-0.10800,0.14400,-1.29600,0.00000,0.00000,0.00000,0.00000,0.03965,-0.04415,0.00000,0.04415,0.03965,0.99997,-0.00691,-0.00318,0.00690,0.99997,-0.00309,0.00320,0.00307,0.99999,-0.00698,-0.00292,-0.00316,0.43566
55301590406819690.02900,0.02900,-0.08600,-0.10800,0.14400,-1.29600,0.00000,0.00000,0.00000,0.00000,0.03965,-0.04415,0.00000,0.04415,0.03965,0.99997,-0.00691,-0.00318,0.00690,0.99997,-0.00309,0.00320,0.00307,0.99999,-0.00698,-0.00292,-0.00316,0.43566
55301591590378900.03900,0.07600,0.02900,-0.10800,0.14400,-1.29600,0.00000,0.00000,0.00000,0.00000,0.03989,-0.04444,0.00000,0.04444,0.03989,0.99999,-0.00273,-0.00388,0.00270,0.99997,-0.00778,0.00390,0.00777,0.99996,-0.00289,-0.00771,-0.00389,0.26980
55301591066472000.03900,0.07600,0.02900,-0.10800,0.14400,-1.29600,0.00000,0.00000,0.00000,0.00000,0.03989,-0.04444,0.00000,0.04444,0.03989,0.99999,-0.00273,-0.00388,0.00270,0.99997,-0.00778,0.00390,0.00777,0.99996,-0.00289,-0.00771,-0.00389,0.26980
55301591726808920.04800,0.05700,0.01900,-0.07200,0.14400,-1.26000,0.00000,0.00000,0.00000,0.00000,0.03874,-0.04308,0.00000,0.04308,0.03874,0.99998,-0.00452,-0.00482,0.00449,0.99997,-0.00591,0.00485,0.00589,0.99997,-0.00464,-0.00579,-0.00482,0.37639
55301591726808920.04800,0.05700,0.01900,-0.07200,0.14400,-1.26000,0.00000,0.00000,0.00000,0.00000,0.03874,-0.04308,0.00000,0.04308,0.03874,0.99998,-0.00452,-0.00482,0.00449,0.99997,-0.00591,0.00485,0.00589,0.99997,-0.00464,-0.00579,-0.00482,0.37639
55301592386750440.01900,0.05700,-0.01900,-0.18000,0.10800,-0.82800,0.00000,0.00000,0.00000,0.00000,0.02781,-0.03041,0.00000,0.03041,0.02781,1.00000,-0.00143,-0.00197,0.00142,0.99998,-0.00582,0.00198,0.00582,0.99998,-0.00156,-0.00579,-0.00197,0.13848
55301592386750440.01900,0.05700,-0.01900,-0.18000,0.10800,-0.82800,0.00000,0.00000,0.00000,0.00000,0.02781,-0.03041,0.00000,0.03041,0.02781,1.00000,-0.00143,-0.00197,0.00142,0.99998,-0.00582,0.00198,0.00582,0.99998,-0.00156,-0.00579,-0.00197,0.13848
55301593046543530.01000,0.09500,0.00900,-0.14400,0.00000,-1.08000,0.00000,0.00000,0.00000,0.00000,0.03275,-0.03609,0.00000,0.03609,0.03275,0.99995,0.00964,-0.00103,-0.00965,0.99991,-0.00943,0.00094,0.00944,0.99995,0.00943,-0.00964,-0.00099,-0.55497
55301593046543530.01000,0.09500,0.00900,-0.14400,0.00000,-1.08000,0.00000,0.00000,0.00000,0.00000,0.03275,-0.03609,0.00000,0.03609,0.03275,0.99995,0.00964,-0.00103,-0.00965,0.99991,-0.00943,0.00094,0.00944,0.99995,0.00943,-0.00964,-0.00099,-0.55497
55301593706529690.05800,0.07600,0.01900,-0.14400,0.00000,-1.11600,0.00000,0.00000,0.00000,0.00000,0.03695,-0.04097,0.00000,0.04097,0.03695,0.99995,0.00816,-0.00585,-0.00820,0.99994,-0.00749,0.00579,0.00754,0.99995,0.00800,-0.00771,-0.00584,-0.57437
55301594366178902.00200,-0.69000,-0.07700,-0.14400,0.00000,-1.11600,0.00000,0.00000,0.00000,0.00000,0.15110,-0.20578,0.00000,0.20578,0.15110,0.97898,-0.02862,-0.20196,0.04171,0.99727,0.06087,0.19966,-0.06801,0.97750,-0.02724,0.06866,-0.20137,11.76936
55301594366178902.00200,-0.69000,-0.07700,-0.14400,0.00000,-1.11600,0.00000,0.00000,0.00000,0.00000,0.15110,-0.20578,0.00000,0.20578,0.15110,0.97898,-0.02862,-0.20196,0.04171,0.99727,0.06087,0.19966,-0.06801,0.97750,-0.02724,0.06866,-0.20137,11.76936
55301595027353530.24900,0.03800,0.21100,-0.10800,-0.03600,-1.15200,0.00000,0.00000,0.00000,0.00000,0.04896,-0.05532,0.00000,0.05532,0.04896,0.99967,0.00826,-0.02427,-0.00835,0.99996,-0.00352,0.02424,0.00373,0.99970,0.00818,-0.00390,-0.02429,-1.46847
55301595027353530.24900,0.03800,0.21100,-0.10800,-0.03600,-1.15200,0.00000,0.00000,0.00000,0.00000,0.04896,-0.05532,0.00000,0.05532,0.04896,0.99967,0.00826,-0.02427,-0.00835,0.99996,-0.00352,0.02424,0.00373,0.99970,0.00818,-0.00390,-0.02429,-1.46847
55301595686502000.54600,-0.26800,0.26800,-0.10800,-0.10800,-1.15200,0.00000,0.00000,0.00000,0.00000,0.06810,-0.07938,0.00000,0.07938,0.06810,0.99852,-0.00912,-0.05354,0.01050,0.99962,0.02553,0.05329,-0.02606,0.99824,-0.00857,0.02625,-0.05329,3.11332
55301595686502000.54600,-0.26800,0.26800,-0.10800,-0.10800,-1.15200,0.00000,0.00000,0.00000,0.00000,0.06810,-0.07938,0.00000,0.07938,0.06810,0.99852,-0.00912,-0.05354,0.01050,0.99962,0.02553,0.05329,-0.02606,0.99824,-0.00857,0.02625,-0.05329,3.11332
55301596356589680.46900,-0.14400,0.03800,-0.10800,-0.10800,-1.15200,0.00000,0.00000,0.00000,0.00000,0.06391,-0.07398,0.00000,0.07398,0.06391,0.99888,-0.00027,-0.04725,0.00096,0.99989,0.01447,0.04724,-0.01450,0.99878,0.00004,0.01450,-0.04727,2.70834
55301597006206610.51700,-0.23000,-0.05800,-0.14400,0.00000,-1.47600,0.00000,0.00000,0.00000,0.00000,0.07700,-0.09111,0.00000,0.09111,0.07700,0.99849,-0.01382,-0.05318,0.01503,0.99964,0.02239,0.05285,-0.02316,0.99833,-0.01333,0.02345,-0.05282,3.14983
55301597006206610.51700,-0.23000,-0.05800,-0.14400,0.00000,-1.47600,0.00000,0.00000,0.00000,0.00000,0.07700,-0.09111,0.00000,0.09111,0.07700,0.99849,-0.01382,-0.05318,0.01503,0.99964,0.02239,0.05285,-0.02316,0.99833,-0.01333,0.02345,-0.05282,3.14983
55301597666350450.46000,0.08500,0.00900,-0.03600,-0.10800,-1.18800,0.00000,0.00000,0.00000,0.00000,0.06190,-0.07142,0.00000,0.07142,0.06190,0.99875,0.01800,-0.04658,-0.01836,0.99980,-0.00739,0.04644,0.00824,0.99889,0.01782,-0.00862,-0.04656,-2.86259
55301598850183520.39300,-0.06700,0.00900,-0.03600,-0.10800,-1.18800,0.00000,0.00000,0.00000,0.00000,0.05823,-0.06679,0.00000,0.06679,0.05823,0.99920,0.00517,-0.03971,-0.00489,0.99996,0.00708,0.03975,-0.00688,0.99919,0.00532,0.00677,-0.03979,-2.29490
55301598376433540.39300,-0.06700,0.00900,0.00000,0.00000,-1.18800,0.00000,0.00000,0.00000,0.00000,0.05758,-0.06597,0.00000,0.06597,0.05758,0.99920,-0.00276,-0.03981,0.00302,0.99997,0.00660,0.03979,-0.00671,0.99919,-0.00261,0.00677,-0.03979,2.28696
5530159898629583-0.30500,0.10400,0.07600,-0.07200,-0.07200,-0.93600,0.00000,0.00000,0.00000,0.00000,0.00555,-0.00587,0.00000,0.00587,0.00555,0.99942,0.01413,0.03083,-0.01381,0.99985,-0.01066,-0.03098,0.01023,0.99947,0.01391,-0.01053,0.03090,-1.94330
5530159898629583-0.30500,0.10400,0.07600,-0.07200,-0.07200,-0.93600,0.00000,0.00000,0.00000,0.00000,0.00555,-0.00587,0.00000,0.00587,0.00555,0.99942,0.01413,0.03083,-0.01381,0.99985,-0.01066,-0.03098,0.01023,0.99947,0.01391,-0.01053,0.03090,-1.94330
55301599646442760.22000,0.05700,-0.07700,-0.03600,-0.18000,-0.86400,0.00000,0.00000,0.00000,0.00000,0.03834,-0.04261,0.00000,0.04261,0.03834,0.99954,0.02000,-0.02266,-0.02012,0.99979,-0.00491,0.02255,0.00536,0.99973,0.01989,-0.00579,-0.02267,-1.73156
5530160082971199-0.26700,0.37300,0.03800,-0.03600,-0.18000,-0.86400,0.00000,0.00000,0.00000,0.00000,0.00449,-0.00474,0.00000,0.00474,0.00449,0.99850,0.04851,0.02554,-0.04752,0.99815,-0.03798,-0.02734,0.03671,0.99895,0.04776,-0.03775,0.02709,-3.14267
5530160030780121-0.26700,0.37300,0.03800,0.03600,-0.39600,-0.79200,0.00000,0.00000,0.00000,0.00000,0.00073,-0.00077,0.00000,0.00077,0.00073,0.99757,0.06510,0.02501,-0.06412,0.99722,-0.03805,-0.02742,0.03635,0.99896,0.06439,-0.03775,0.02709,-3.99890
55301600966757381.47500,0.03800,0.00900,0.10800,-0.54000,-1.26000,0.00000,0.00000,0.00000,0.00000,0.11899,-0.15181,0.00000,0.15181,0.11899,0.98801,0.04658,-0.14722,-0.04650,0.99891,0.00401,0.14725,0.00289,0.98910,0.04653,-0.00389,-0.14803,-8.88286
5530160162607430-1.30100,0.00000,0.09600,0.18000,-0.79200,-1.54800,0.00000,0.00000,0.00000,0.00000,-0.05454,0.05303,0.00000,-0.05303,-0.05454,0.98978,0.05768,0.13041,-0.05733,0.99833,-0.00639,-0.13056,-0.00115,0.99144,0.05772,-0.00009,0.13064,-8.19800
5530160162607430-1.30100,0.00000,0.09600,0.18000,-0.79200,-1.54800,0.00000,0.00000,0.00000,0.00000,-0.05454,0.05303,0.00000,-0.05303,-0.05454,0.98978,0.05768,0.13041,-0.05733,0.99833,-0.00639,-0.13056,-0.00115,0.99144,0.05772,-0.00009,0.13064,-8.19800
5530160228642584-0.03800,0.20000,0.00000,0.28800,-1.00800,-2.01600,0.00000,0.00000,0.00000,0.00000,0.04478,-0.05027,0.00000,0.05027,0.04478,0.99564,0.09330,0.00258,-0.09323,0.99547,-0.01862,-0.00431,0.01830,0.99982,0.09303,-0.02031,0.00386,-5.35526
5530160228642584-0.03800,0.20000,0.00000,0.28800,-1.00800,-2.01600,0.00000,0.00000,0.00000,0.00000,0.04478,-0.05027,0.00000,0.05027,0.04478,0.99564,0.09330,0.00258,-0.09323,0.99547,-0.01862,-0.00431,0.01830,0.99982,0.09303,-0.02031,0.00386,-5.35526
5530160294633892-0.39100,0.21000,0.06700,0.46800,-1.36800,-2.26800,0.00000,0.00000,0.00000,0.00000,0.02496,-0.02718,0.00000,0.02718,0.02496,0.99155,0.12416,0.03752,-0.12334,0.99209,-0.02336,-0.04012,0.01853,0.99902,0.12407,-0.02122,0.03959,-7.45235
5530160294633892-0.39100,0.21000,0.06700,0.46800,-1.36800,-2.26800,0.00000,0.00000,0.00000,0.00000,0.02496,-0.02718,0.00000,0.02718,0.02496,0.99155,0.12416,0.03752,-0.12334,0.99209,-0.02336,-0.04012,0.01853,0.99902,0.12407,-0.02122,0.03959,-7.45235
5530160364412046-0.03800,0.10400,0.02900,0.50400,-1.51200,-2.26800,0.00000,0.00000,0.00000,0.00000,0.04705,-0.05301,0.00000,0.05301,0.04705,0.99225,0.12424,0.00345,-0.12421,0.99222,-0.00835,-0.00446,0.00786,0.99996,0.12436,-0.01055,0.00391,-7.13941
55301604266040451.68600,0.40100,0.03800,0.46800,-1.47600,-2.26800,0.00000,0.00000,0.00000,0.00000,0.14610,-0.19684,0.00000,0.19684,0.14610,0.97658,0.13160,-0.17021,-0.13598,0.99061,-0.01429,0.16673,0.03710,0.98531,0.13123,-0.03996,-0.16821,-12.42399
55301604266040451.68600,0.40100,0.03800,0.46800,-1.47600,-2.26800,0.00000,0.00000,0.00000,0.00000,0.14610,-0.19684,0.00000,0.19684,0.14610,0.97658,0.13160,-0.17021,-0.13598,0.99061,-0.01429,0.16673,0.03710,0.98531,0.13123,-0.03996,-0.16821,-12.42399
5530160491760506-0.55400,-0.14400,-0.06700,0.43200,-2.34000,-1.87200,0.00000,0.00000,0.00000,0.00000,0.00263,-0.00277,0.00000,0.00277,0.00263,0.98383,0.16893,0.05943,-0.16973,0.98545,0.00849,-0.05713,-0.01844,0.99820,0.17015,0.01475,0.05649,-10.31633
5530160558656968-0.39100,0.13300,0.00900,0.57600,-3.09600,-1.83600,0.00000,0.00000,0.00000,0.00000,0.01474,-0.01581,0.00000,0.01581,0.01474,0.96674,0.25306,0.03714,-0.25256,0.96742,-0.01789,-0.04045,0.00792,0.99915,0.25562,-0.01350,0.03969,-14.81948
5530160558656968-0.39100,0.13300,0.00900,0.57600,-3.09600,-1.83600,0.00000,0.00000,0.00000,0.00000,0.01474,-0.01581,0.00000,0.01581,0.01474,0.96674,0.25306,0.03714,-0.25256,0.96742,-0.01789,-0.04045,0.00792,0.99915,0.25562,-0.01350,0.03969,-14.81948
55301606314468920.02900,0.12400,-0.01900,0.57600,-3.09600,-1.83600,0.00000,0.00000,0.00000,0.00000,0.04227,-0.04726,0.00000,0.04726,0.04227,0.96942,0.24537,-0.00392,-0.24539,0.96940,-0.00643,0.00222,0.00720,0.99997,0.24769,-0.01260,-0.00299,-14.20532
5530160690626353-0.23800,0.14300,0.16300,0.46800,-3.81600,-2.16000,0.00000,0.00000,0.00000,0.00000,0.04114,-0.04592,0.00000,0.04592,0.04114,0.95315,0.30175,0.02140,-0.30149,0.95336,-0.01482,-0.02488,0.00768,0.99966,0.30630,-0.01438,0.02413,-17.60851
5530160690626353-0.23800,0.14300,0.16300,0.46800,-3.81600,-2.16000,0.00000,0.00000,0.00000,0.00000,0.04114,-0.04592,0.00000,0.04592,0.04114,0.95315,0.30175,0.02140,-0.30149,0.95336,-0.01482,-0.02488,0.00768,0.99966,0.30630,-0.01438,0.02413,-17.60851
55301607566115840.42200,0.01900,0.00900,0.61200,-4.46400,-2.19600,0.00000,0.00000,0.00000,0.00000,0.08071,-0.09610,0.00000,0.09610,0.08071,0.94426,0.32701,-0.03793,-0.32652,0.94500,0.01879,0.04199,-0.00535,0.99910,0.33319,-0.00194,-0.04272,-19.22065
55301608750321980.00000,0.08500,-0.01900,0.61200,-4.46400,-2.19600,0.00000,0.00000,0.00000,0.00000,0.05676,-0.06494,0.00000,0.06494,0.05676,0.94037,0.34015,0.00026,-0.34015,0.94037,-0.00120,-0.00066,0.00104,1.00000,0.34697,-0.00864,-0.00004,-19.88596
55301608300759690.00000,0.08500,-0.01900,0.61200,-4.50000,-2.23200,0.00000,0.00000,0.00000,0.00000,0.05801,-0.06651,0.00000,0.06651,0.05801,0.93948,0.34261,0.00028,-0.34260,0.93948,-0.00114,-0.00065,0.00098,1.00000,0.34958,-0.00864,-0.00004,-20.03567
55301608886695840.02900,0.01000,-0.02900,0.61200,-4.57200,-2.23200,0.00000,0.00000,0.00000,0.00000,0.05892,-0.06765,0.00000,0.06765,0.05892,0.93998,0.34122,0.00008,-0.34122,0.93996,0.00702,0.00232,-0.00662,0.99998,0.34829,-0.00100,-0.00302,-19.95147
5530160954622122-0.18200,0.13300,-0.02900,0.54000,-5.65200,-2.70000,0.00000,0.00000,0.00000,0.00000,0.07132,-0.08359,0.00000,0.08359,0.07132,0.90559,0.42387,0.01546,-0.42373,0.90572,-0.01159,-0.01892,0.00395,0.99981,0.43753,-0.01353,0.01847,-25.09690
5530160954622122-0.18200,0.13300,-0.02900,0.54000,-5.65200,-2.70000,0.00000,0.00000,0.00000,0.00000,0.07132,-0.08359,0.00000,0.08359,0.07132,0.90559,0.42387,0.01546,-0.42373,0.90572,-0.01159,-0.01892,0.00395,0.99981,0.43753,-0.01353,0.01847,-25.09690
5530161020725122-0.03800,0.22900,0.04800,0.68400,-6.26400,-3.02400,0.00000,0.00000,0.00000,0.00000,0.09274,-0.11276,0.00000,0.11276,0.09274,0.88454,0.46646,-0.00216,-0.46645,0.88445,-0.01306,-0.00418,0.01256,0.99991,0.48494,-0.02317,0.00394,-27.80507
5530161020725122-0.03800,0.22900,0.04800,0.68400,-6.26400,-3.02400,0.00000,0.00000,0.00000,0.00000,0.09274,-0.11276,0.00000,0.11276,0.09274,0.88454,0.46646,-0.00216,-0.46645,0.88445,-0.01306,-0.00418,0.01256,0.99991,0.48494,-0.02317,0.00394,-27.80507
55301610867145830.36400,0.21000,0.07600,0.82800,-6.73200,-3.42000,0.00000,0.00000,0.00000,0.00000,0.12439,-0.16036,0.00000,0.16036,0.12439,0.87349,0.48547,-0.03666,-0.48549,0.87420,0.00881,0.03632,0.01010,0.99929,0.50659,-0.02118,-0.03647,-29.13358
5530161152628121-0.18200,0.17100,0.07600,0.97200,-7.27200,-3.81600,0.00000,0.00000,0.00000,0.00000,0.10952,-0.13726,0.00000,0.13726,0.10952,0.84701,0.53143,0.01283,-0.53127,0.84709,-0.01402,-0.01832,0.00506,0.99982,0.56006,-0.01728,0.01851,-32.11240
5530161152628121-0.18200,0.17100,0.07600,0.97200,-7.27200,-3.81600,0.00000,0.00000,0.00000,0.00000,0.10952,-0.13726,0.00000,0.13726,0.10952,0.84701,0.53143,0.01283,-0.53127,0.84709,-0.01402,-0.01832,0.00506,0.99982,0.56006,-0.01728,0.01851,-32.11240
5530161218626738-0.15300,0.09500,-0.01900,1.04400,-7.81200,-3.99600,0.00000,0.00000,0.00000,0.00000,0.11754,-0.14954,0.00000,0.14954,0.11754,0.83020,0.55728,0.01435,-0.55726,0.83032,-0.00577,-0.01513,-0.00321,0.99988,0.59104,-0.00966,0.01553,-33.88084
5530161284637507-0.71700,0.02900,0.09600,1.29600,-8.31600,-4.17600,0.00000,0.00000,0.00000,0.00000,0.09481,-0.11570,0.00000,0.11570,0.09481,0.79500,0.60327,0.06360,-0.60240,0.79746,-0.03427,-0.07139,-0.01106,0.99739,0.64772,-0.00298,0.07228,-37.34498
5530161284637507-0.71700,0.02900,0.09600,1.29600,-8.31600,-4.17600,0.00000,0.00000,0.00000,0.00000,0.09481,-0.11570,0.00000,0.11570,0.09481,0.79500,0.60327,0.06360,-0.60240,0.79746,-0.03427,-0.07139,-0.01106,0.99739,0.64772,-0.00298,0.07228,-37.34498
5530161350671661-0.19100,0.18100,0.12400,1.40400,-9.07200,-4.96800,0.00000,0.00000,0.00000,0.00000,0.15018,-0.20412,0.00000,0.20412,0.15018,0.77445,0.63252,0.01198,-0.63237,0.77453,-0.01422,-0.01827,0.00343,0.99983,0.68459,-0.01823,0.01942,-39.24501
5530161416623583-0.05700,0.16200,0.01900,1.44000,-9.14400,-5.04000,0.00000,0.00000,0.00000,0.00000,0.15701,-0.21662,0.00000,0.21662,0.15701,0.77442,0.63267,0.00258,-0.63266,0.77442,-0.00422,-0.00467,0.00163,0.99999,0.68481,-0.01643,0.00582,-39.24766
5530161416623583-0.05700,0.16200,0.01900,1.44000,-9.14400,-5.04000,0.00000,0.00000,0.00000,0.00000,0.15701,-0.21662,0.00000,0.21662,0.15701,0.77442,0.63267,0.00258,-0.63266,0.77442,-0.00422,-0.00467,0.00163,0.99999,0.68481,-0.01643,0.00582,-39.24766
5530161482625045-0.04800,0.21000,0.06700,1.44000,-9.21600,-5.11200,0.00000,0.00000,0.00000,0.00000,0.16102,-0.22414,0.00000,0.22414,0.16102,0.77067,0.63723,-0.00110,-0.63722,0.77065,-0.00727,-0.00378,0.00631,0.99997,0.69064,-0.02122,0.00499,-39.58571
5530161482625045-0.04800,0.21000,0.06700,1.44000,-9.21600,-5.11200,0.00000,0.00000,0.00000,0.00000,0.16102,-0.22414,0.00000,0.22414,0.16102,0.77067,0.63723,-0.00110,-0.63722,0.77065,-0.00727,-0.00378,0.00631,0.99997,0.69064,-0.02122,0.00499,-39.58571
5530161548654737-0.05700,0.13300,0.03800,1.44000,-9.25200,-5.11200,0.00000,0.00000,0.00000,0.00000,0.15886,-0.22008,0.00000,0.22008,0.15886,0.77141,0.63632,0.00449,-0.63632,0.77143,-0.00187,-0.00466,-0.00142,0.99999,0.68959,-0.01348,0.00585,-39.51894
5530161548654737-0.05700,0.13300,0.03800,1.44000,-9.25200,-5.11200,0.00000,0.00000,0.00000,0.00000,0.15886,-0.22008,0.00000,0.22008,0.15886,0.77141,0.63632,0.00449,-0.63632,0.77143,-0.00187,-0.00466,-0.00142,0.99999,0.68959,-0.01348,0.00585,-39.51894
5530161611546737-0.03800,0.16200,0.02900,1.44000,-9.32400,-5.14800,0.00000,0.00000,0.00000,0.00000,0.16187,-0.22576,0.00000,0.22576,0.16187,0.76842,0.63995,0.00114,-0.63994,0.76842,-0.00281,-0.00268,0.00143,1.00000,0.69425,-0.01642,0.00391,-39.78782
5530161680626660-0.06700,0.21900,0.03800,1.44000,-9.39600,-5.14800,0.00000,0.00000,0.00000,0.00000,0.16291,-0.22776,0.00000,0.22776,0.16291,0.76364,0.64565,-0.00030,-0.64562,0.76360,-0.00896,-0.00556,0.00704,0.99996,0.70159,-0.02218,0.00686,-40.21413
5530161680626660-0.06700,0.21900,0.03800,1.44000,-9.39600,-5.14800,0.00000,0.00000,0.00000,0.00000,0.16291,-0.22776,0.00000,0.22776,0.16291,0.76364,0.64565,-0.00030,-0.64562,0.76360,-0.00896,-0.00556,0.00704,0.99996,0.70159,-0.02218,0.00686,-40.21413
5530161746628275-0.02900,0.14300,0.03800,1.47600,-9.46800,-5.14800,0.00000,0.00000,0.00000,0.00000,0.16242,-0.22682,0.00000,0.22682,0.16242,0.76311,0.64626,0.00173,-0.64626,0.76312,-0.00059,-0.00170,-0.00066,1.00000,0.70253,-0.01449,0.00302,-40.26046
5530161746628275-0.02900,0.14300,0.03800,1.47600,-9.46800,-5.14800,0.00000,0.00000,0.00000,0.00000,0.16242,-0.22682,0.00000,0.22682,0.16242,0.76311,0.64626,0.00173,-0.64626,0.76312,-0.00059,-0.00170,-0.00066,1.00000,0.70253,-0.01449,0.00302,-40.26046
5530161815615353-0.09600,0.16200,0.03800,1.26000,-9.90000,-5.00400,0.00000,0.00000,0.00000,0.00000,0.16266,-0.22727,0.00000,0.22727,0.16266,0.75166,0.65953,0.00565,-0.65950,0.75168,-0.00617,-0.00832,0.00091,0.99997,0.72002,-0.01641,0.00979,-41.26596
5530161878627738-0.09600,0.17100,0.07600,1.26000,-9.90000,-5.04000,0.00000,0.00000,0.00000,0.00000,0.16374,-0.22936,0.00000,0.22936,0.16374,0.75141,0.65982,0.00511,-0.65979,0.75142,-0.00684,-0.00836,0.00177,0.99996,0.72039,-0.01728,0.00984,-41.28764
5530161878627738-0.09600,0.17100,0.07600,1.26000,-9.90000,-5.04000,0.00000,0.00000,0.00000,0.00000,0.16374,-0.22936,0.00000,0.22936,0.16374,0.75141,0.65982,0.00511,-0.65979,0.75142,-0.00684,-0.00836,0.00177,0.99996,0.72039,-0.01728,0.00984,-41.28764
5530161944620275-0.04800,0.15200,0.07600,1.26000,-9.93600,-5.11200,0.00000,0.00000,0.00000,0.00000,0.16696,-0.23561,0.00000,0.23561,0.16696,0.75174,0.65945,0.00274,-0.65945,0.75175,-0.00222,-0.00352,-0.00014,0.99999,0.71994,-0.01536,0.00500,-41.25863
5530162010636353-0.05700,0.16200,-0.02900,1.36800,-10.04400,-5.11200,0.00000,0.00000,0.00000,0.00000,0.16675,-0.23520,0.00000,0.23520,0.16675,0.74462,0.66749,0.00258,-0.66748,0.74462,-0.00335,-0.00416,0.00077,0.99999,0.73066,-0.01648,0.00574,-41.87386
5530162010636353-0.05700,0.16200,-0.02900,1.36800,-10.04400,-5.11200,0.00000,0.00000,0.00000,0.00000,0.16675,-0.23520,0.00000,0.23520,0.16675,0.74462,0.66749,0.00258,-0.66748,0.74462,-0.00335,-0.00416,0.00077,0.99999,0.73066,-0.01648,0.00574,-41.87386
5530162076637431-0.03800,0.21000,0.03800,1.44000,-10.33200,-5.00400,0.00000,0.00000,0.00000,0.00000,0.16776,-0.23719,0.00000,0.23719,0.16776,0.73168,0.68164,-0.00196,-0.68164,0.73167,-0.00525,-0.00215,0.00518,0.99998,0.74975,-0.02127,0.00393,-42.97224
5530162194946506-0.07600,0.20000,0.03800,1.44000,-10.33200,-5.00400,0.00000,0.00000,0.00000,0.00000,0.16612,-0.23397,0.00000,0.23397,0.16612,0.73109,0.68228,0.00154,-0.68226,0.73108,-0.00712,-0.00599,0.00415,0.99997,0.75065,-0.02026,0.00777,-43.02254
5530162142665737-0.07600,0.20000,0.03800,1.44000,-10.36800,-5.04000,0.00000,0.00000,0.00000,0.00000,0.16725,-0.23618,0.00000,0.23618,0.16725,0.72984,0.68362,0.00154,-0.68359,0.72983,-0.00708,-0.00597,0.00411,0.99997,0.75247,-0.02026,0.00777,-43.12701
5530162208623045-0.03800,0.20000,0.01900,1.44000,-10.36800,-5.04000,0.00000,0.00000,0.00000,0.00000,0.16862,-0.23888,0.00000,0.23888,0.16862,0.73072,0.68268,-0.00131,-0.68267,0.73071,-0.00448,-0.00210,0.00417,0.99999,0.75118,-0.02028,0.00389,-43.05313
5530162208623045-0.03800,0.20000,0.01900,1.44000,-10.36800,-5.04000,0.00000,0.00000,0.00000,0.00000,0.16862,-0.23888,0.00000,0.23888,0.16862,0.73072,0.68268,-0.00131,-0.68267,0.73071,-0.00448,-0.00210,0.00417,0.99999,0.75118,-0.02028,0.00389,-43.05313
5530162274676508-0.05700,0.13300,0.03800,1.44000,-10.36800,-5.00400,0.00000,0.00000,0.00000,0.00000,0.16513,-0.23205,0.00000,0.23205,0.16513,0.73219,0.68109,0.00476,-0.68109,0.73220,-0.00088,-0.00408,-0.00260,0.99999,0.74914,-0.01348,0.00585,-42.92982
5530162274676508-0.05700,0.13300,0.03800,1.44000,-10.36800,-5.00400,0.00000,0.00000,0.00000,0.00000,0.16513,-0.23205,0.00000,0.23205,0.16513,0.73219,0.68109,0.00476,-0.68109,0.73220,-0.00088,-0.00408,-0.00260,0.99999,0.74914,-0.01348,0.00585,-42.92982
5530162337818122-0.03800,0.21900,0.04800,1.47600,-10.36800,-5.00400,0.00000,0.00000,0.00000,0.00000,0.16795,-0.23756,0.00000,0.23756,0.16795,0.72916,0.68434,-0.00255,-0.68434,0.72914,-0.00583,-0.00213,0.00600,0.99998,0.75343,-0.02216,0.00394,-43.18377
5530162406621352-0.07600,0.17100,-0.01000,1.47600,-10.36800,-5.00400,0.00000,0.00000,0.00000,0.00000,0.16525,-0.23227,0.00000,0.23227,0.16525,0.72964,0.68383,0.00346,-0.68381,0.72964,-0.00493,-0.00590,0.00123,0.99998,0.75281,-0.01738,0.00770,-43.14408
5530162406621352-0.07600,0.17100,-0.01000,1.47600,-10.36800,-5.00400,0.00000,0.00000,0.00000,0.00000,0.16525,-0.23227,0.00000,0.23227,0.16525,0.72964,0.68383,0.00346,-0.68381,0.72964,-0.00493,-0.00590,0.00123,0.99998,0.75281,-0.01738,0.00770,-43.14408
5530162472645276-0.09600,0.14300,0.09600,1.47600,-10.36800,-5.04000,0.00000,0.00000,0.00000,0.00000,0.16448,-0.23078,0.00000,0.23078,0.16448,0.72996,0.68346,0.00704,-0.68345,0.72999,-0.00427,-0.00806,-0.00170,0.99997,0.75236,-0.01444,0.00986,-43.11729
5530162538664738-0.03800,0.18100,-0.01900,1.47600,-10.36800,-5.04000,0.00000,0.00000,0.00000,0.00000,0.16775,-0.23718,0.00000,0.23718,0.16775,0.73024,0.68319,-0.00007,-0.68318,0.73024,-0.00305,-0.00203,0.00227,1.00000,0.75191,-0.01841,0.00382,-43.09325
5530162538664738-0.03800,0.18100,-0.01900,1.47600,-10.36800,-5.04000,0.00000,0.00000,0.00000,0.00000,0.16775,-0.23718,0.00000,0.23718,0.16775,0.73024,0.68319,-0.00007,-0.68318,0.73024,-0.00305,-0.00203,0.00227,1.00000,0.75191,-0.01841,0.00382,-43.09325
5530162612310815-0.09600,0.11400,0.03800,1.47600,-10.36800,-5.04000,0.00000,0.00000,0.00000,0.00000,0.16366,-0.22921,0.00000,0.22921,0.16366,0.73078,0.68255,0.00896,-0.68256,0.73083,-0.00213,-0.00800,-0.00456,0.99996,0.75118,-0.01156,0.00979,-43.04779
5530162719229121-0.02900,0.17100,0.03800,1.47600,-10.36800,-5.04000,0.00000,0.00000,0.00000,0.00000,0.16773,-0.23712,0.00000,0.23712,0.16773,0.73073,0.68266,0.00007,-0.68266,0.73073,-0.00172,-0.00122,0.00120,1.00000,0.75122,-0.01732,0.00302,-43.05225
5530162670573891-0.02900,0.17100,0.03800,1.51200,-10.36800,-5.11200,0.00000,0.00000,0.00000,0.00000,0.16906,-0.23976,0.00000,0.23976,0.16906,0.72970,0.68377,0.00008,-0.68377,0.72970,-0.00168,-0.00121,0.00117,1.00000,0.75273,-0.01732,0.00302,-43.13865
5530162736633660-0.27700,0.13300,-0.01900,1.51200,-10.36800,-5.14800,0.00000,0.00000,0.00000,0.00000,0.15991,-0.22204,0.00000,0.22204,0.15991,0.72467,0.68878,0.02094,-0.68860,0.72496,-0.01609,-0.02626,-0.00276,0.99965,0.75970,-0.01352,0.02815,-43.55890
5530162736633660-0.27700,0.13300,-0.01900,1.51200,-10.36800,-5.14800,0.00000,0.00000,0.00000,0.00000,0.15991,-0.22204,0.00000,0.22204,0.15991,0.72467,0.68878,0.02094,-0.68860,0.72496,-0.01609,-0.02626,-0.00276,0.99965,0.75970,-0.01352,0.02815,-43.55890
55301628026551220.07700,0.20000,-0.04800,1.54800,-10.36800,-5.14800,0.00000,0.00000,0.00000,0.00000,0.17419,-0.25008,0.00000,0.25008,0.17419,0.73022,0.68314,-0.01003,-0.68314,0.73028,0.00356,0.00975,0.00425,0.99994,0.75182,-0.02038,-0.00796,-43.09525
5530162867228738-0.03800,0.17100,0.00900,1.54800,-10.36800,-5.14800,0.00000,0.00000,0.00000,0.00000,0.16927,-0.24017,0.00000,0.24017,0.16927,0.72847,0.68508,0.00069,-0.68508,0.72846,-0.00226,-0.00205,0.00117,1.00000,0.75453,-0.01735,0.00387,-43.24213
5530162867228738-0.03800,0.17100,0.00900,1.54800,-10.36800,-5.14800,0.00000,0.00000,0.00000,0.00000,0.16927,-0.24017,0.00000,0.24017,0.16927,0.72847,0.68508,0.00069,-0.68508,0.72846,-0.00226,-0.00205,0.00117,1.00000,0.75453,-0.01735,0.00387,-43.24213
55301629346308140.03900,0.18100,0.03800,1.54800,-10.36800,-5.18400,0.00000,0.00000,0.00000,0.00000,0.17305,-0.24775,0.00000,0.24775,0.17305,0.72990,0.68353,-0.00563,-0.68353,0.72992,0.00227,0.00566,0.00219,0.99998,0.75238,-0.01833,-0.00386,-43.12177
55301629346308140.03900,0.18100,0.03800,1.54800,-10.36800,-5.18400,0.00000,0.00000,0.00000,0.00000,0.17305,-0.24775,0.00000,0.24775,0.17305,0.72990,0.68353,-0.00563,-0.68353,0.72992,0.00227,0.00566,0.00219,0.99998,0.75238,-0.01833,-0.00386,-43.12177
5530163000645660-0.04800,0.20000,0.09600,1.54800,-10.36800,-5.22000,0.00000,0.00000,0.00000,0.00000,0.17135,-0.24432,0.00000,0.24432,0.17135,0.72742,0.68619,-0.00039,-0.68618,0.72741,-0.00507,-0.00319,0.00396,0.99999,0.75601,-0.02017,0.00503,-43.32938
5530163000645660-0.04800,0.20000,0.09600,1.54800,-10.36800,-5.22000,0.00000,0.00000,0.00000,0.00000,0.17135,-0.24432,0.00000,0.24432,0.17135,0.72742,0.68619,-0.00039,-0.68618,0.72741,-0.00507,-0.00319,0.00396,0.99999,0.75601,-0.02017,0.00503,-43.32938
5530163065112506-0.06700,0.21000,-0.07700,1.54800,-10.36800,-5.25600,0.00000,0.00000,0.00000,0.00000,0.17198,-0.24559,0.00000,0.24559,0.17198,0.72670,0.68696,-0.00007,-0.68694,0.72668,-0.00712,-0.00484,0.00522,0.99997,0.75704,-0.02145,0.00669,-43.38972
5530163132629890-0.07600,0.21900,0.01900,1.58400,-10.33200,-5.22000,0.00000,0.00000,0.00000,0.00000,0.17037,-0.24236,0.00000,0.24236,0.17037,0.72646,0.68721,0.00018,-0.68718,0.72644,-0.00839,-0.00589,0.00597,0.99996,0.75737,-0.02221,0.00774,-43.40936
5530163132629890-0.07600,0.21900,0.01900,1.58400,-10.33200,-5.22000,0.00000,0.00000,0.00000,0.00000,0.17037,-0.24236,0.00000,0.24236,0.17037,0.72646,0.68721,0.00018,-0.68718,0.72644,-0.00839,-0.00589,0.00597,0.99996,0.75737,-0.02221,0.00774,-43.40936
5530163198646198-0.09600,0.21000,-0.01900,1.58400,-10.33200,-5.25600,0.00000,0.00000,0.00000,0.00000,0.17029,-0.24220,0.00000,0.24220,0.17029,0.72624,0.68743,0.00220,-0.68739,0.72623,-0.00912,-0.00787,0.00511,0.99996,0.75770,-0.02136,0.00973,-43.42754
5530163198646198-0.09600,0.21000,-0.01900,1.58400,-10.33200,-5.25600,0.00000,0.00000,0.00000,0.00000,0.17029,-0.24220,0.00000,0.24220,0.17029,0.72624,0.68743,0.00220,-0.68739,0.72623,-0.00912,-0.00787,0.00511,0.99996,0.75770,-0.02136,0.00973,-43.42754
5530163264649353-0.19100,-0.10500,0.07600,1.65600,-10.15200,-5.40000,0.00000,0.00000,0.00000,0.00000,0.15896,-0.22026,0.00000,0.22026,0.15896,0.73706,0.67511,0.03094,-0.67559,0.73724,0.00754,-0.01772,-0.02646,0.99949,0.74180,0.01054,0.01941,-42.51803
55301633301606620.00000,0.17100,-0.02900,1.58400,-10.11600,-5.68800,0.00000,0.00000,0.00000,0.00000,0.18092,-0.26411,0.00000,0.26411,0.18092,0.73703,0.67586,-0.00229,-0.67586,0.73703,0.00011,0.00176,0.00146,1.00000,0.74194,-0.01740,-0.00006,-42.52102
55301633301606620.00000,0.17100,-0.02900,1.58400,-10.11600,-5.68800,0.00000,0.00000,0.00000,0.00000,0.18092,-0.26411,0.00000,0.26411,0.18092,0.73703,0.67586,-0.00229,-0.67586,0.73703,0.00011,0.00176,0.00146,1.00000,0.74194,-0.01740,-0.00006,-42.52102
5530163396615429-0.21000,0.12400,0.02900,1.58400,-10.11600,-5.65200,0.00000,0.00000,0.00000,0.00000,0.17150,-0.24463,0.00000,0.24463,0.17150,0.73361,0.67936,0.01672,-0.67928,0.73380,-0.01077,-0.01958,-0.00346,0.99980,0.74680,-0.01257,0.02133,-42.80975
5530163396615429-0.21000,0.12400,0.02900,1.58400,-10.11600,-5.65200,0.00000,0.00000,0.00000,0.00000,0.17150,-0.24463,0.00000,0.24463,0.17150,0.73361,0.67936,0.01672,-0.67928,0.73380,-0.01077,-0.01958,-0.00346,0.99980,0.74680,-0.01257,0.02133,-42.80975
55301634618595840.26800,0.20000,0.01900,1.54800,-10.11600,-5.61600,0.00000,0.00000,0.00000,0.00000,0.18920,-0.28216,0.00000,0.28216,0.18920,0.74236,0.66956,-0.02433,-0.66939,0.74274,0.01587,0.02870,0.00450,0.99958,0.73338,-0.02027,-0.02709,-42.06725
