5533733936508271,29281924,0.06700,0.01900,0.09600,-0.10800,-0.03600,-0.79200,0.00000,0.00000,0.00000,0.00000,0.02874,-0.03317,0.00000,0.03317,0.02874,0.99995,0.00703,-0.00653,-0.00705,0.99997,-0.00182,0.00651,0.00187,0.99998,0.00700,-0.00198,-0.00657,-0.55001
5533733973143963,36635692,-0.06700,0.03800,-0.04800,-0.10800,-0.03600,-0.79200,0.00000,0.00000,0.00000,0.00000,0.02010,-0.02288,0.00000,0.02288,0.02010,0.99995,0.00668,0.00677,-0.00665,0.99997,-0.00377,-0.00679,0.00372,0.99997,0.00662,-0.00383,0.00674,-0.54465
5533734002503809,29359846,-0.06700,0.03800,-0.04800,-0.10800,-0.03600,-0.75600,0.00000,0.00000,0.00000,0.00000,0.01907,-0.02168,0.00000,0.02168,0.01907,0.99995,0.00667,0.00677,-0.00665,0.99997,-0.00377,-0.00679,0.00372,0.99997,0.00661,-0.00383,0.00674,-0.54536
5533734039135347,36631538,-0.04800,0.01900,0.05700,-0.10800,-0.03600,-0.75600,0.00000,0.00000,0.00000,0.00000,0.02043,-0.02328,0.00000,0.02328,0.02043,0.99997,0.00533,0.00496,-0.00532,0.99998,-0.00190,-0.00497,0.00187,0.99999,0.00530,-0.00196,0.00493,-0.41778
5533734068500117,29364770,-0.04800,0.01900,0.05700,-0.14400,0.03600,-0.86400,0.00000,0.00000,0.00000,0.00000,0.02469,-0.02832,0.00000,0.02832,0.02469,0.99999,0.00041,0.00493,-0.00040,1.00000,-0.00195,-0.00493,0.00195,0.99999,0.00038,-0.00196,0.00493,-0.28462
5533734105137347,36637230,0.00000,0.02900,-0.01900,-0.14400,0.03600,-0.86400,0.00000,0.00000,0.00000,0.00000,0.02772,-0.03194,0.00000,0.03194,0.02772,1.00000,0.00196,-0.00002,-0.00196,0.99999,-0.00290,0.00002,0.00290,1.00000,0.00191,-0.00293,-0.00003,-0.11364
5533734134510732,29373385,0.00000,0.02900,-0.01900,-0.14400,0.03600,-0.86400,0.00000,0.00000,0.00000,0.00000,0.02772,-0.03194,0.00000,0.03194,0.02772,1.00000,0.00196,-0.00002,-0.00196,0.99999,-0.00290,0.00002,0.00290,1.00000,0.00191,-0.00293,-0.00003,-0.11364
5533734171140732,36630000,-0.00900,0.06700,0.04800,-0.14400,0.03600,-0.86400,0.00000,0.00000,0.00000,0.00000,0.02666,-0.03067,0.00000,0.03067,0.02666,0.99999,0.00505,0.00099,-0.00504,0.99996,-0.00672,-0.00103,0.00671,0.99998,0.00494,-0.00680,0.00099,-0.29608
5533734200512963,29372231,-0.00900,0.06700,0.04800,-0.10800,0.00000,-0.86400,0.00000,0.00000,0.00000,0.00000,0.02564,-0.02945,0.00000,0.02945,0.02564,0.99997,0.00730,0.00099,-0.00729,0.99995,-0.00668,-0.00104,0.00668,0.99998,0.00719,-0.00680,0.00099,-0.42197
5533734237144501,36631538,0.00000,0.05700,-0.01900,-0.10800,0.00000,-0.86400,0.00000,0.00000,0.00000,0.00000,0.02640,-0.03035,0.00000,0.03035,0.02640,0.99998,0.00658,-0.00002,-0.00658,0.99996,-0.00567,-0.00002,0.00567,0.99998,0.00649,-0.00577,-0.00003,-0.37639
5533734266503348,29358847,0.00000,0.05700,-0.01900,-0.10800,0.00000,-0.86400,0.00000,0.00000,0.00000,0.00000,0.02640,-0.03035,0.00000,0.03035,0.02640,0.99998,0.00658,-0.00002,-0.00658,0.99996,-0.00567,-0.00002,0.00567,0.99998,0.00649,-0.00577,-0.00003,-0.37639
5533734303854424,37351076,-0.03800,0.01900,0.01000,-0.10800,0.00000,-0.86400,0.00000,0.00000,0.00000,0.00000,0.02435,-0.02790,0.00000,0.02790,0.02435,0.99999,0.00278,0.00388,-0.00277,0.99999,-0.00190,-0.00389,0.00189,0.99999,0.00275,-0.00193,0.00386,-0.27554
5533734332505809,28651385,-0.03800,0.01900,0.01000,-0.07200,0.00000,-0.86400,0.00000,0.00000,0.00000,0.00000,0.02347,-0.02687,0.00000,0.02687,0.02347,0.99999,0.00231,0.00388,-0.00231,1.00000,-0.00190,-0.00388,0.00189,0.99999,0.00228,-0.00193,0.00386,-0.25944
5533734369138963,36633154,0.03900,0.00000,-0.01000,-0.07200,0.00000,-0.86400,0.00000,0.00000,0.00000,0.00000,0.02864,-0.03304,0.00000,0.03304,0.02864,0.99999,0.00186,-0.00396,-0.00186,1.00000,0.00005,0.00396,-0.00004,0.99999,0.00186,0.00001,-0.00397,-0.25101
5533734398502501,29363538,0.03900,0.00000,-0.01000,-0.07200,0.00000,-0.82800,0.00000,0.00000,0.00000,0.00000,0.02762,-0.03182,0.00000,0.03182,0.02762,0.99999,0.00184,-0.00396,-0.00184,1.00000,0.00004,0.00396,-0.00004,0.99999,0.00184,0.00001,-0.00397,-0.25101
5533734435135809,36633308,-0.00900,0.03800,0.01900,-0.07200,0.00000,-0.82800,0.00000,0.00000,0.00000,0.00000,0.02409,-0.02760,0.00000,0.02760,0.02409,0.99999,0.00437,0.00096,-0.00436,0.99998,-0.00379,-0.00098,0.00379,0.99999,0.00431,-0.00386,0.00094,-0.25869
5533734464504117,29368308,-0.00900,0.03800,0.01900,-0.07200,0.00000,-0.82800,0.00000,0.00000,0.00000,0.00000,0.02409,-0.02760,0.00000,0.02760,0.02409,0.99999,0.00437,0.00096,-0.00436,0.99998,-0.00379,-0.00098,0.00379,0.99999,0.00431,-0.00386,0.00094,-0.25869
5533734501137348,36633231,0.01000,0.00000,0.04800,-0.07200,0.00000,-0.82800,0.00000,0.00000,0.00000,0.00000,0.02569,-0.02951,0.00000,0.02951,0.02569,1.00000,0.00142,-0.00092,-0.00142,1.00000,-0.00001,0.00092,0.00001,1.00000,0.00142,-0.00004,-0.00093,-0.09691
5533734530504040,29366692,0.01000,0.00000,0.04800,-0.07200,0.00000,-0.75600,0.00000,0.00000,0.00000,0.00000,0.02365,-0.02708,0.00000,0.02708,0.02365,1.00000,0.00140,-0.00092,-0.00140,1.00000,-0.00001,0.00092,0.00001,1.00000,0.00140,-0.00004,-0.00093,-0.09065
5533734567641732,37137692,0.01000,0.03800,0.04800,-0.07200,0.00000,-0.75600,0.00000,0.00000,0.00000,0.00000,0.02323,-0.02658,0.00000,0.02658,0.02323,0.99999,0.00464,-0.00091,-0.00465,0.99998,-0.00379,0.00089,0.00379,0.99999,0.00458,-0.00387,-0.00093,-0.27052
5533734596585271,28943539,0.01000,0.03800,0.04800,-0.07200,0.00000,-0.75600,0.00000,0.00000,0.00000,0.00000,0.02323,-0.02658,0.00000,0.02658,0.02323,0.99999,0.00464,-0.00091,-0.00465,0.99998,-0.00379,0.00089,0.00379,0.99999,0.00458,-0.00387,-0.00093,-0.27052
5533734633141655,36556384,-0.01900,0.05700,0.04800,-0.07200,0.00000,-0.75600,0.00000,0.00000,0.00000,0.00000,0.02116,-0.02413,0.00000,0.02413,0.02116,0.99998,0.00585,0.00201,-0.00584,0.99997,-0.00570,-0.00204,0.00569,0.99998,0.00576,-0.00579,0.00200,-0.35498
5533734662505732,29364077,-0.01900,0.05700,0.04800,-0.07200,0.00000,-0.68400,0.00000,0.00000,0.00000,0.00000,0.01911,-0.02173,0.00000,0.02173,0.01911,0.99998,0.00585,0.00201,-0.00584,0.99997,-0.00570,-0.00204,0.00569,0.99998,0.00576,-0.00579,0.00200,-0.35553
5533734699233501,36727769,-0.01900,0.03800,0.05700,-0.07200,0.00000,-0.68400,0.00000,0.00000,0.00000,0.00000,0.01931,-0.02196,0.00000,0.02196,0.01931,0.99999,0.00421,0.00202,-0.00420,0.99998,-0.00381,-0.00204,0.00381,0.99999,0.00415,-0.00387,0.00201,-0.26907
5533734728505655,29272154,-0.01900,0.03800,0.05700,-0.10800,-0.21600,-0.18000,0.00000,0.00000,0.00000,0.00000,0.00511,-0.00569,0.00000,0.00569,0.00511,0.99978,0.02091,0.00209,-0.02091,0.99978,-0.00357,-0.00217,0.00353,0.99999,0.02086,-0.00387,0.00201,-1.20447
5533734766395348,37889693,-0.00900,0.03800,-0.03800,-0.10800,-0.21600,-0.18000,0.00000,0.00000,0.00000,0.00000,0.00588,-0.00655,0.00000,0.00655,0.00588,0.99978,0.02104,0.00094,-0.02104,0.99977,-0.00351,-0.00101,0.00349,0.99999,0.02098,-0.00384,0.00085,-1.20707
5533734794502963,28107615,-0.00900,0.03800,-0.03800,-0.10800,-0.21600,-0.18000,0.00000,0.00000,0.00000,0.00000,0.00588,-0.00655,0.00000,0.00655,0.00588,0.99978,0.02104,0.00094,-0.02104,0.99977,-0.00351,-0.00101,0.00349,0.99999,0.02098,-0.00384,0.00085,-1.20707
5533734831143732,36640769,0.01000,-0.01000,-0.01000,-0.10800,-0.21600,-0.18000,0.00000,0.00000,0.00000,0.00000,0.00761,-0.00850,0.00000,0.00850,0.00761,0.99986,0.01697,-0.00088,-0.01697,0.99986,0.00132,0.00090,-0.00130,1.00000,0.01699,0.00102,-0.00103,-0.97378
5533734860508194,29364462,0.01000,-0.01000,-0.01000,-0.14400,-0.18000,-0.07200,0.00000,0.00000,0.00000,0.00000,0.00567,-0.00631,0.00000,0.00631,0.00567,0.99989,0.01465,-0.00090,-0.01465,0.99989,0.00128,0.00092,-0.00126,1.00000,0.01467,0.00102,-0.00103,-0.84116
5533734897138501,36630307,-0.04800,0.02900,0.01000,-0.14400,-0.18000,-0.07200,0.00000,0.00000,0.00000,0.00000,0.00136,-0.00150,0.00000,0.00150,0.00136,0.99984,0.01735,0.00496,-0.01734,0.99985,-0.00274,-0.00501,0.00266,0.99998,0.01731,-0.00294,0.00488,-1.03420
5533734926507809,29369308,-0.04800,0.02900,0.01000,-0.14400,-0.18000,-0.10800,0.00000,0.00000,0.00000,0.00000,0.00236,-0.00262,0.00000,0.00262,0.00236,0.99984,0.01736,0.00496,-0.01735,0.99985,-0.00274,-0.00501,0.00266,0.99998,0.01732,-0.00294,0.00488,-1.03458
5533734963143194,36635385,0.01000,0.01900,0.01900,-0.14400,-0.18000,-0.10800,0.00000,0.00000,0.00000,0.00000,0.00632,-0.00705,0.00000,0.00705,0.00632,0.99985,0.01730,-0.00088,-0.01730,0.99985,-0.00164,0.00085,0.00165,1.00000,0.01727,-0.00194,-0.00098,-0.99249
5533734992506117,29362923,0.01000,0.01900,0.01900,-0.10800,-0.14400,-0.10800,0.00000,0.00000,0.00000,0.00000,0.00556,-0.00619,0.00000,0.00619,0.00556,0.99990,0.01416,-0.00090,-0.01416,0.99990,-0.00169,0.00087,0.00170,1.00000,0.01413,-0.00194,-0.00098,-0.81349
5533735029147732,36641615,0.00000,0.05700,-0.01000,-0.10800,-0.14400,-0.10800,0.00000,0.00000,0.00000,0.00000,0.00453,-0.00503,0.00000,0.00503,0.00453,0.99985,0.01747,0.00002,-0.01747,0.99983,-0.00549,-0.00011,0.00549,0.99998,0.01738,-0.00578,-0.00002,-1.00112
5533735058510117,29362385,0.00000,0.05700,-0.01000,-0.10800,-0.14400,-0.10800,0.00000,0.00000,0.00000,0.00000,0.00453,-0.00503,0.00000,0.00503,0.00453,0.99985,0.01747,0.00002,-0.01747,0.99983,-0.00549,-0.00011,0.00549,0.99998,0.01738,-0.00578,-0.00002,-1.00112
5533735095136809,36626692,0.00000,-0.01000,0.01900,-0.10800,-0.14400,-0.10800,0.00000,0.00000,0.00000,0.00000,0.00521,-0.00580,0.00000,0.00580,0.00521,0.99994,0.01138,0.00013,-0.01138,0.99993,0.00118,-0.00012,-0.00118,1.00000,0.01140,0.00100,0.00003,-0.65132
5533735124508578,29371769,0.00000,-0.01000,0.01900,-0.10800,-0.14400,-0.14400,0.00000,0.00000,0.00000,0.00000,0.00621,-0.00692,0.00000,0.00692,0.00621,0.99994,0.01140,0.00013,-0.01140,0.99993,0.00118,-0.00012,-0.00118,1.00000,0.01142,0.00100,0.00003,-0.65252
5533735161140809,36632231,-0.00900,-0.01000,0.09600,-0.10800,-0.14400,-0.14400,0.00000,0.00000,0.00000,0.00000,0.00553,-0.00616,0.00000,0.00616,0.00553,0.99994,0.01130,0.00116,-0.01130,0.99994,0.00110,-0.00115,-0.00112,1.00000,0.01132,0.00093,0.00106,-0.65132
5533735190507194,29366385,-0.00900,-0.01000,0.09600,-0.14400,-0.14400,-0.18000,0.00000,0.00000,0.00000,0.00000,0.00744,-0.00831,0.00000,0.00831,0.00744,0.99993,0.01176,0.00116,-0.01176,0.99993,0.00111,-0.00115,-0.00112,1.00000,0.01178,0.00093,0.00106,-0.67753
5533735227146501,36639307,-0.01900,-0.01000,0.06700,-0.14400,-0.14400,-0.18000,0.00000,0.00000,0.00000,0.00000,0.00681,-0.00760,0.00000,0.00760,0.00681,0.99993,0.01159,0.00213,-0.01160,0.99993,0.00112,-0.00211,-0.00115,1.00000,0.01161,0.00096,0.00202,-0.67580
5533735263345501,36199000,-0.01900,-0.01000,0.06700,-0.14400,-0.14400,-0.21600,0.00000,0.00000,0.00000,0.00000,0.00782,-0.00874,0.00000,0.00874,0.00782,0.99993,0.01161,0.00213,-0.01161,0.99993,0.00112,-0.00211,-0.00115,1.00000,0.01163,0.00096,0.00202,-0.67666
5533735293141963,29796462,0.00000,0.04800,0.04800,-0.14400,-0.14400,-0.21600,0.00000,0.00000,0.00000,0.00000,0.00848,-0.00948,0.00000,0.00948,0.00848,0.99985,0.01708,0.00013,-0.01708,0.99984,-0.00460,-0.00021,0.00460,0.99999,0.01700,-0.00488,0.00008,-0.97899
5533735322508348,29366385,0.00000,0.04800,0.04800,-0.14400,-0.14400,-0.21600,0.00000,0.00000,0.00000,0.00000,0.00848,-0.00948,0.00000,0.00948,0.00848,0.99985,0.01708,0.00013,-0.01708,0.99984,-0.00460,-0.00021,0.00460,0.99999,0.01700,-0.00488,0.00008,-0.97899
5533735359143194,36634846,-0.04800,0.03800,0.04800,-0.14400,-0.14400,-0.21600,0.00000,0.00000,0.00000,0.00000,0.00541,-0.00602,0.00000,0.00602,0.00541,0.99987,0.01549,0.00498,-0.01547,0.99987,-0.00369,-0.00504,0.00362,0.99998,0.01543,-0.00387,0.00492,-0.93272
5533735388509424,29366230,-0.04800,0.03800,0.04800,-0.18000,-0.14400,-0.21600,0.00000,0.00000,0.00000,0.00000,0.00632,-0.00704,0.00000,0.00704,0.00632,0.99986,0.01592,0.00498,-0.01590,0.99987,-0.00369,-0.00504,0.00361,0.99998,0.01586,-0.00387,0.00492,-0.95613
5533735425165963,36656539,-0.04800,-0.04800,0.04800,-0.18000,-0.14400,-0.21600,0.00000,0.00000,0.00000,0.00000,0.00724,-0.00809,0.00000,0.00809,0.00724,0.99995,0.00818,0.00502,-0.00821,0.99995,0.00490,-0.00498,-0.00494,0.99998,0.00827,0.00481,0.00492,-0.55072
5533735454508040,29342077,-0.04800,-0.04800,0.04800,-0.18000,-0.14400,-0.25200,0.00000,0.00000,0.00000,0.00000,0.00825,-0.00923,0.00000,0.00923,0.00825,0.99995,0.00821,0.00503,-0.00824,0.99995,0.00490,-0.00498,-0.00494,0.99998,0.00829,0.00481,0.00492,-0.55249
5533735491141348,36633308,0.00000,0.04800,0.00000,-0.18000,-0.14400,-0.25200,0.00000,0.00000,0.00000,0.00000,0.01044,-0.01171,0.00000,0.01171,0.01044,0.99985,0.01751,0.00005,-0.01751,0.99984,-0.00458,-0.00013,0.00458,0.99999,0.01743,-0.00487,0.00000,-1.00366
5533735520511655,29370307,0.00000,0.04800,0.00000,-0.21600,-0.14400,-0.25200,0.00000,0.00000,0.00000,0.00000,0.01134,-0.01273,0.00000,0.01273,0.01134,0.99984,0.01793,0.00005,-0.01793,0.99983,-0.00457,-0.00014,0.00457,0.99999,0.01785,-0.00487,0.00000,-1.02774
5533735557197040,36685385,0.01000,0.05700,0.02900,-0.21600,-0.14400,-0.25200,0.00000,0.00000,0.00000,0.00000,0.01187,-0.01334,0.00000,0.01334,0.01187,0.99982,0.01887,-0.00092,-0.01887,0.99981,-0.00546,0.00082,0.00547,0.99998,0.01878,-0.00578,-0.00096,-1.08246
5533735586550886,29353846,0.01000,0.05700,0.02900,-0.25200,0.07200,-0.32400,0.00000,0.00000,0.00000,0.00000,0.01563,-0.01767,0.00000,0.01767,0.01563,0.99999,0.00322,-0.00096,-0.00322,0.99998,-0.00573,0.00094,0.00573,0.99998,0.00312,-0.00578,-0.00096,-0.19483
5533735623187271,36636385,-0.04800,0.05700,0.00000,-0.25200,0.07200,-0.32400,0.00000,0.00000,0.00000,0.00000,0.01186,-0.01333,0.00000,0.01333,0.01186,0.99999,0.00234,0.00487,-0.00231,0.99998,-0.00575,-0.00488,0.00574,0.99997,0.00225,-0.00578,0.00487,-0.30964
5533735654964348,31777077,-0.04800,0.05700,0.00000,-0.32400,0.03600,-0.50400,0.00000,0.00000,0.00000,0.00000,0.01850,-0.02101,0.00000,0.02101,0.01850,0.99997,0.00594,0.00488,-0.00591,0.99997,-0.00571,-0.00491,0.00568,0.99997,0.00584,-0.00578,0.00487,-0.44013
5533735689175732,34211384,-0.03800,0.01900,-0.01900,-0.32400,0.03600,-0.50400,0.00000,0.00000,0.00000,0.00000,0.01959,-0.02229,0.00000,0.02229,0.01959,0.99999,0.00277,0.00384,-0.00277,0.99999,-0.00188,-0.00385,0.00187,0.99999,0.00274,-0.00191,0.00383,-0.27124
5533735718534040,29358308,-0.03800,0.01900,-0.01900,-0.32400,0.03600,-0.50400,0.00000,0.00000,0.00000,0.00000,0.01959,-0.02229,0.00000,0.02229,0.01959,0.99999,0.00277,0.00384,-0.00277,0.99999,-0.00188,-0.00385,0.00187,0.99999,0.00274,-0.00191,0.00383,-0.27124
5533735755175886,36641846,0.01000,0.00000,-0.08600,-0.32400,0.03600,-0.50400,0.00000,0.00000,0.00000,0.00000,0.02299,-0.02630,0.00000,0.02630,0.02299,1.00000,0.00184,-0.00115,-0.00184,1.00000,0.00010,0.00115,-0.00010,1.00000,0.00184,0.00007,-0.00117,-0.12820
5533735784542809,29366923,0.01000,0.00000,-0.08600,-0.32400,0.03600,-0.54000,0.00000,0.00000,0.00000,0.00000,0.02399,-0.02748,0.00000,0.02748,0.02399,1.00000,0.00185,-0.00115,-0.00185,1.00000,0.00010,0.00115,-0.00010,1.00000,0.00185,0.00007,-0.00117,-0.12667
5533735821180578,36637769,-0.01900,0.06700,0.01000,-0.32400,0.03600,-0.54000,0.00000,0.00000,0.00000,0.00000,0.02127,-0.02426,0.00000,0.02426,0.02127,0.99997,0.00722,0.00195,-0.00721,0.99995,-0.00669,-0.00200,0.00667,0.99998,0.00711,-0.00679,0.00194,-0.42933
5533735850536809,29356231,-0.01900,0.06700,0.01000,-0.32400,0.03600,-0.54000,0.00000,0.00000,0.00000,0.00000,0.02127,-0.02426,0.00000,0.02426,0.02127,0.99997,0.00722,0.00195,-0.00721,0.99995,-0.00669,-0.00200,0.00667,0.99998,0.00711,-0.00679,0.00194,-0.42933
5533735887180271,36643462,0.04800,-0.01000,0.02900,-0.32400,0.03600,-0.54000,0.00000,0.00000,0.00000,0.00000,0.02639,-0.03035,0.00000,0.03035,0.02639,0.99999,0.00163,-0.00479,-0.00162,1.00000,0.00102,0.00479,-0.00101,0.99999,0.00165,0.00099,-0.00480,-0.29074
5533735918130886,30950615,0.04800,-0.01000,0.02900,-0.39600,-0.14400,-0.79200,0.00000,0.00000,0.00000,0.00000,0.03434,-0.03998,0.00000,0.03998,0.03434,0.99986,0.01584,-0.00466,-0.01583,0.99987,0.00132,0.00468,-0.00125,0.99999,0.01586,0.00099,-0.00480,-0.94626
5533735982555963,29340308,0.01000,0.02900,0.07700,-0.39600,-0.03600,-0.82800,0.00000,0.00000,0.00000,0.00000,0.03291,-0.03823,0.00000,0.03823,0.03291,0.99994,0.01062,-0.00083,-0.01062,0.99994,-0.00279,0.00080,0.00280,1.00000,0.01058,-0.00298,-0.00088,-0.60974
5533736019184271,36628308,-0.01900,0.04800,0.04800,-0.39600,-0.03600,-0.82800,0.00000,0.00000,0.00000,0.00000,0.03091,-0.03580,0.00000,0.03580,0.03091,0.99993,0.01180,0.00203,-0.01179,0.99992,-0.00471,-0.00209,0.00469,0.99999,0.01172,-0.00488,0.00200,-0.68614
5533736048535194,29350923,-0.01900,0.04800,0.04800,-0.39600,-0.14400,-0.79200,0.00000,0.00000,0.00000,0.00000,0.02950,-0.03409,0.00000,0.03409,0.02950,0.99980,0.01978,0.00205,-0.01977,0.99979,-0.00459,-0.00214,0.00455,0.99999,0.01971,-0.00488,0.00200,-1.13987
5533736115355886,30171077,-0.01900,0.00000,-0.03800,-0.39600,-0.14400,-0.79200,0.00000,0.00000,0.00000,0.00000,0.03006,-0.03477,0.00000,0.03477,0.03006,0.99987,0.01571,0.00199,-0.01571,0.99988,0.00026,-0.00199,-0.00029,1.00000,0.01572,0.00003,0.00187,-0.90741
5533736151144655,35788769,-0.01900,0.05700,0.04800,-0.39600,-0.14400,-0.79200,0.00000,0.00000,0.00000,0.00000,0.02941,-0.03398,0.00000,0.03398,0.02941,0.99979,0.02054,0.00204,-0.02053,0.99977,-0.00549,-0.00215,0.00545,0.99998,0.02045,-0.00579,0.00200,-1.18283
5533736180511732,29367077,-0.01900,0.05700,0.04800,-0.36000,-0.39600,-0.57600,0.00000,0.00000,0.00000,0.00000,0.02163,-0.02469,0.00000,0.02469,0.02163,0.99924,0.03887,0.00208,-0.03886,0.99923,-0.00523,-0.00228,0.00514,0.99998,0.03879,-0.00579,0.00200,-2.23108
5533736217179578,36667846,-0.01900,0.00000,0.06700,-0.36000,-0.39600,-0.57600,0.00000,0.00000,0.00000,0.00000,0.02212,-0.02527,0.00000,0.02527,0.02212,0.99942,0.03397,0.00229,-0.03397,0.99942,0.00043,-0.00228,-0.00051,1.00000,0.03398,-0.00005,0.00202,-1.95094
5533736246551578,29372000,-0.01900,0.00000,0.06700,-0.18000,-0.28800,-0.72000,0.00000,0.00000,0.00000,0.00000,0.02220,-0.02536,0.00000,0.02536,0.02220,0.99971,0.02397,0.00221,-0.02397,0.99971,0.00029,-0.00220,-0.00034,1.00000,0.02398,-0.00005,0.00202,-1.37970
5533736312529501,29354230,-0.04800,0.07600,-0.02900,-0.18000,-0.28800,-0.68400,0.00000,0.00000,0.00000,0.00000,0.01866,-0.02119,0.00000,0.02119,0.01866,0.99953,0.03017,0.00484,-0.03014,0.99952,-0.00735,-0.00506,0.00721,0.99996,0.03005,-0.00770,0.00483,-1.75122
5533736349143271,36613770,-0.01900,0.02900,0.05700,-0.18000,-0.28800,-0.68400,0.00000,0.00000,0.00000,0.00000,0.02091,-0.02384,0.00000,0.02384,0.02091,0.99965,0.02646,0.00214,-0.02645,0.99965,-0.00259,-0.00221,0.00253,0.99999,0.02641,-0.00297,0.00201,-1.52110
5533736378509886,29366615,-0.01900,0.02900,0.05700,-0.14400,-0.28800,-0.68400,0.00000,0.00000,0.00000,0.00000,0.02003,-0.02280,0.00000,0.02280,0.02003,0.99966,0.02605,0.00214,-0.02605,0.99966,-0.00259,-0.00220,0.00254,0.99999,0.02601,-0.00297,0.00201,-1.49815
5533736415146040,36636154,-0.02800,0.03800,0.05700,-0.14400,-0.28800,-0.68400,0.00000,0.00000,0.00000,0.00000,0.01936,-0.02202,0.00000,0.02202,0.01936,0.99964,0.02672,0.00302,-0.02670,0.99964,-0.00351,-0.00312,0.00343,0.99999,0.02666,-0.00387,0.00292,-1.54066
5533736445374271,30228231,-0.02800,0.03800,0.05700,-0.18000,-0.28800,-0.68400,0.00000,0.00000,0.00000,0.00000,0.02024,-0.02306,0.00000,0.02306,0.02024,0.99963,0.02712,0.00302,-0.02711,0.99963,-0.00351,-0.00312,0.00343,0.99999,0.02706,-0.00387,0.00292,-1.56348
5533736510543732,28674307,-0.01900,0.00000,0.06700,-0.18000,-0.28800,-0.68400,0.00000,0.00000,0.00000,0.00000,0.02118,-0.02416,0.00000,0.02416,0.02118,0.99971,0.02396,0.00221,-0.02396,0.99971,0.00029,-0.00220,-0.00034,1.00000,0.02396,-0.00005,0.00202,-1.37857
5533736547198732,36655000,0.00000,0.02900,0.00000,-0.18000,-0.28800,-0.68400,0.00000,0.00000,0.00000,0.00000,0.02220,-0.02536,0.00000,0.02536,0.02220,0.99964,0.02669,0.00013,-0.02669,0.99964,-0.00250,-0.00020,0.00250,1.00000,0.02665,-0.00294,-0.00000,-1.53008
5533736613169886,36603846,0.03900,0.05700,-0.08600,-0.18000,-0.28800,-0.68400,0.00000,0.00000,0.00000,0.00000,0.02457,-0.02817,0.00000,0.02817,0.02457,0.99955,0.02961,-0.00407,-0.02963,0.99955,-0.00515,0.00391,0.00527,0.99998,0.02952,-0.00576,-0.00413,-1.71292
5533736642499425,29329539,0.03900,0.05700,-0.08600,-0.18000,-0.28800,-0.72000,0.00000,0.00000,0.00000,0.00000,0.02558,-0.02938,0.00000,0.02938,0.02558,0.99955,0.02961,-0.00407,-0.02963,0.99955,-0.00515,0.00391,0.00527,0.99998,0.02952,-0.00576,-0.00413,-1.71281
5533736679151655,36652230,0.38300,0.10400,0.01000,-0.18000,-0.28800,-0.72000,0.00000,0.00000,0.00000,0.00000,0.04670,-0.05549,0.00000,0.05549,0.04670,0.99855,0.03740,-0.03878,-0.03775,0.99925,-0.00846,0.03843,0.00992,0.99921,0.03724,-0.01054,-0.03872,-3.08819
5533736708529963,29378308,0.38300,0.10400,0.01000,-0.18000,-0.32400,-0.75600,0.00000,0.00000,0.00000,0.00000,0.04757,-0.05660,0.00000,0.05660,0.04757,0.99845,0.04000,-0.03878,-0.04036,0.99915,-0.00832,0.03841,0.00987,0.99921,0.03985,-0.01054,-0.03872,-3.19384
5533736745170886,36640923,-0.39100,0.26700,-0.03800,-0.18000,-0.32400,-0.75600,0.00000,0.00000,0.00000,0.00000,-0.00403,0.00442,0.00000,-0.00442,-0.00403,0.99817,0.04640,0.03879,-0.04532,0.99857,-0.02817,-0.04004,0.02636,0.99885,0.04599,-0.02713,0.03972,-3.46724
5533736774535655,29364769,-0.39100,0.26700,-0.03800,-0.21600,-0.28800,-0.72000,0.00000,0.00000,0.00000,0.00000,-0.00407,0.00447,0.00000,-0.00447,-0.00407,0.99828,0.04400,0.03884,-0.04292,0.99868,-0.02812,-0.04002,0.02640,0.99885,0.04358,-0.02713,0.03972,-3.36453
5533736840507732,29317384,-0.25700,0.07600,0.05700,-0.21600,-0.25200,-0.72000,0.00000,0.00000,0.00000,0.00000,0.00696,-0.00777,0.00000,0.00777,0.00696,0.99935,0.02515,0.02599,-0.02495,0.99966,-0.00794,-0.02618,0.00729,0.99963,0.02503,-0.00770,0.02600,-2.07292
5533736877136040,36628308,0.07700,0.00000,0.01900,-0.21600,-0.25200,-0.72000,0.00000,0.00000,0.00000,0.00000,0.02942,-0.03399,0.00000,0.03399,0.02942,0.99971,0.02296,-0.00757,-0.02295,0.99974,0.00054,0.00758,-0.00036,0.99997,0.02296,-0.00002,-0.00776,-1.38508
5533736906503732,29367692,0.07700,0.00000,0.01900,-0.32400,-0.68400,-0.50400,0.00000,0.00000,0.00000,0.00000,0.02456,-0.02815,0.00000,0.02815,0.02456,0.99840,0.05613,-0.00729,-0.05612,0.99842,0.00133,0.00735,-0.00092,0.99997,0.05617,-0.00002,-0.00776,-3.24474
5533736943171425,36667693,0.09600,0.05700,0.10500,-0.32400,-0.68400,-0.50400,0.00000,0.00000,0.00000,0.00000,0.02521,-0.02894,0.00000,0.02894,0.02521,0.99808,0.06121,-0.00929,-0.06125,0.99811,-0.00422,0.00901,0.00478,0.99995,0.06116,-0.00580,-0.00945,-3.54928
5533736972506963,29335538,0.09600,0.05700,0.10500,-0.32400,-0.68400,-0.46800,0.00000,0.00000,0.00000,0.00000,0.02422,-0.02775,0.00000,0.02775,0.02422,0.99808,0.06121,-0.00929,-0.06125,0.99811,-0.00422,0.00901,0.00478,0.99995,0.06116,-0.00580,-0.00945,-3.54961
5533737009142271,36635308,0.05800,0.01900,0.10500,-0.32400,-0.68400,-0.46800,0.00000,0.00000,0.00000,0.00000,0.02206,-0.02519,0.00000,0.02519,0.02206,0.99833,0.05758,-0.00528,-0.05758,0.99834,-0.00073,0.00523,0.00103,0.99999,0.05759,-0.00199,-0.00564,-3.31482
5533737044189040,35046769,0.05800,0.01900,0.10500,-0.32400,-0.68400,-0.46800,0.00000,0.00000,0.00000,0.00000,0.02206,-0.02519,0.00000,0.02519,0.02206,0.99833,0.05758,-0.00528,-0.05758,0.99834,-0.00073,0.00523,0.00103,0.99999,0.05759,-0.00199,-0.00564,-3.31482
5533737104508809,29340692,0.03900,0.07600,0.09600,-0.36000,-0.72000,-0.46800,0.00000,0.00000,0.00000,0.00000,0.02121,-0.02419,0.00000,0.02419,0.02121,0.99786,0.06528,-0.00371,-0.06530,0.99784,-0.00639,0.00329,0.00662,0.99997,0.06521,-0.00770,-0.00376,-3.74899
5533737104508809,29340692,0.03900,0.07600,0.09600,-0.36000,-0.72000,-0.46800,0.00000,0.00000,0.00000,0.00000,0.02121,-0.02419,0.00000,0.02419,0.02121,0.99786,0.06528,-0.00371,-0.06530,0.99784,-0.00639,0.00329,0.00662,0.99997,0.06521,-0.00770,-0.00376,-3.74899
5533737170529886,28551615,0.04800,0.04800,0.01000,-0.36000,-0.72000,-0.46800,0.00000,0.00000,0.00000,0.00000,0.02211,-0.02525,0.00000,0.02525,0.02211,0.99801,0.06295,-0.00462,-0.06297,0.99801,-0.00354,0.00439,0.00382,0.99998,0.06292,-0.00487,-0.00484,-3.61899
5533737207155425,36625539,0.04800,0.03800,0.07700,-0.36000,-0.72000,-0.46800,0.00000,0.00000,0.00000,0.00000,0.02209,-0.02523,0.00000,0.02523,0.02209,0.99806,0.06209,-0.00442,-0.06211,0.99807,-0.00258,0.00425,0.00285,0.99999,0.06208,-0.00388,-0.00470,-3.56908
5533737236553886,29398461,0.04800,0.03800,0.07700,-0.36000,-0.72000,-0.46800,0.00000,0.00000,0.00000,0.00000,0.02209,-0.02523,0.00000,0.02523,0.02209,0.99806,0.06209,-0.00442,-0.06211,0.99807,-0.00258,0.00425,0.00285,0.99999,0.06208,-0.00388,-0.00470,-3.56908
5533737302507578,29316846,0.09600,0.01900,0.02900,-0.39600,-0.72000,-0.46800,0.00000,0.00000,0.00000,0.00000,0.02626,-0.03020,0.00000,0.03020,0.02626,0.99808,0.06123,-0.00925,-0.06124,0.99812,-0.00036,0.00921,0.00092,0.99996,0.06125,-0.00194,-0.00965,-3.55060
5533737339139732,36632154,0.01000,0.07600,0.00000,-0.39600,-0.72000,-0.46800,0.00000,0.00000,0.00000,0.00000,0.02032,-0.02315,0.00000,0.02315,0.02032,0.99786,0.06532,-0.00098,-0.06533,0.99784,-0.00657,0.00055,0.00662,0.99998,0.06525,-0.00770,-0.00101,-3.74570
5533737368509117,29369385,0.01000,0.07600,0.00000,-0.39600,-0.75600,-0.46800,0.00000,0.00000,0.00000,0.00000,0.02023,-0.02304,0.00000,0.02304,0.02023,0.99768,0.06800,-0.00097,-0.06801,0.99766,-0.00652,0.00053,0.00657,0.99998,0.06794,-0.00770,-0.00101,-3.89973
5533737405181655,36672538,0.03900,0.04800,-0.01000,-0.39600,-0.75600,-0.46800,0.00000,0.00000,0.00000,0.00000,0.02233,-0.02551,0.00000,0.02551,0.02233,0.99782,0.06584,-0.00374,-0.06585,0.99782,-0.00353,0.00350,0.00377,0.99999,0.06581,-0.00486,-0.00397,-3.78108
5533737434539655,29358000,0.03900,0.04800,-0.01000,-0.43200,-0.75600,-0.46800,0.00000,0.00000,0.00000,0.00000,0.02320,-0.02655,0.00000,0.02655,0.02320,0.99780,0.06613,-0.00374,-0.06614,0.99780,-0.00352,0.00350,0.00376,0.99999,0.06610,-0.00486,-0.00397,-3.79762
5533737471185040,36645385,0.08700,0.02900,-0.03800,-0.43200,-0.75600,-0.46800,0.00000,0.00000,0.00000,0.00000,0.02649,-0.03047,0.00000,0.03047,0.02649,0.99785,0.06494,-0.00855,-0.06496,0.99789,-0.00129,0.00845,0.00184,0.99996,0.06495,-0.00292,-0.00891,-3.75572
5533737537143194,31987077,0.03900,0.03800,0.07700,-0.43200,-0.75600,-0.46800,0.00000,0.00000,0.00000,0.00000,0.02316,-0.02649,0.00000,0.02649,0.02316,0.99786,0.06527,-0.00350,-0.06528,0.99786,-0.00257,0.00333,0.00279,0.99999,0.06526,-0.00388,-0.00379,-3.74800
5533737566510963,29367769,0.03900,0.03800,0.07700,-0.43200,-0.75600,-0.46800,0.00000,0.00000,0.00000,0.00000,0.02316,-0.02649,0.00000,0.02649,0.02316,0.99786,0.06527,-0.00350,-0.06528,0.99786,-0.00257,0.00333,0.00279,0.99999,0.06526,-0.00388,-0.00379,-3.74800
5533737603138502,36627539,0.12500,0.02900,0.02900,-0.43200,-0.75600,-0.46800,0.00000,0.00000,0.00000,0.00000,0.02882,-0.03327,0.00000,0.03327,0.02882,0.99779,0.06532,-0.01221,-0.06534,0.99786,-0.00107,0.01211,0.00187,0.99992,0.06533,-0.00295,-0.01258,-3.81007
5533737632537040,29398538,0.12500,0.02900,0.02900,-0.43200,-0.79200,-0.46800,0.00000,0.00000,0.00000,0.00000,0.02873,-0.03316,0.00000,0.03316,0.02873,0.99761,0.06797,-0.01219,-0.06799,0.99769,-0.00099,0.01209,0.00182,0.99993,0.06798,-0.00295,-0.01258,-3.95973
5533737669139040,36602000,0.04800,0.07600,0.01900,-0.43200,-0.79200,-0.46800,0.00000,0.00000,0.00000,0.00000,0.02346,-0.02686,0.00000,0.02686,0.02346,0.99744,0.07129,-0.00477,-0.07132,0.99743,-0.00619,0.00432,0.00651,0.99997,0.07124,-0.00770,-0.00482,-4.09739
5533737698505425,29366385,0.04800,0.07600,0.01900,-0.43200,-0.79200,-0.46800,0.00000,0.00000,0.00000,0.00000,0.02346,-0.02686,0.00000,0.02686,0.02346,0.99744,0.07129,-0.00477,-0.07132,0.99743,-0.00619,0.00432,0.00651,0.99997,0.07124,-0.00770,-0.00482,-4.09739
5533737764510886,29368384,0.11500,0.04800,0.02900,-0.43200,-0.79200,-0.50400,0.00000,0.00000,0.00000,0.00000,0.02895,-0.03342,0.00000,0.03342,0.02895,0.99752,0.06949,-0.01131,-0.06953,0.99758,-0.00294,0.01107,0.00372,0.99993,0.06947,-0.00487,-0.01157,-4.03716
5533737764510886,29368384,0.11500,0.04800,0.02900,-0.43200,-0.79200,-0.50400,0.00000,0.00000,0.00000,0.00000,0.02895,-0.03342,0.00000,0.03342,0.02895,0.99752,0.06949,-0.01131,-0.06953,0.99758,-0.00294,0.01107,0.00372,0.99993,0.06947,-0.00487,-0.01157,-4.03716
5533737830508578,28346153,0.09600,0.05700,0.04800,-0.43200,-0.79200,-0.54000,0.00000,0.00000,0.00000,0.00000,0.02863,-0.03303,0.00000,0.03303,0.02863,0.99750,0.07008,-0.00940,-0.07012,0.99753,-0.00397,0.00910,0.00462,0.99995,0.07005,-0.00579,-0.00960,-4.05473
5533737867187732,36679154,0.08700,0.09500,0.04800,-0.43200,-0.79200,-0.54000,0.00000,0.00000,0.00000,0.00000,0.02780,-0.03204,0.00000,0.03204,0.02780,0.99728,0.07322,-0.00877,-0.07329,0.99728,-0.00778,0.00817,0.00840,0.99993,0.07314,-0.00962,-0.00869,-4.22925
5533737896542809,29355077,0.08700,0.09500,0.04800,-0.46800,-0.79200,-0.54000,0.00000,0.00000,0.00000,0.00000,0.02866,-0.03308,0.00000,0.03308,0.02866,0.99726,0.07349,-0.00877,-0.07356,0.99726,-0.00777,0.00817,0.00839,0.99993,0.07341,-0.00962,-0.00869,-4.24436
5533737933181271,36638462,0.11500,0.02900,-0.04800,-0.46800,-0.79200,-0.54000,0.00000,0.00000,0.00000,0.00000,0.03106,-0.03598,0.00000,0.03598,0.03106,0.99761,0.06815,-0.01140,-0.06817,0.99767,-0.00101,0.01130,0.00178,0.99993,0.06817,-0.00292,-0.01179,-3.96250
5533737999143809,34185077,0.03900,0.02900,0.04800,-0.46800,-0.79200,-0.54000,0.00000,0.00000,0.00000,0.00000,0.02602,-0.02990,0.00000,0.02990,0.02602,0.99772,0.06746,-0.00349,-0.06747,0.99772,-0.00161,0.00337,0.00184,0.99999,0.06747,-0.00296,-0.00385,-3.87353
5533738028505963,29362154,0.03900,0.02900,0.04800,-0.46800,-0.68400,-0.57600,0.00000,0.00000,0.00000,0.00000,0.02731,-0.03145,0.00000,0.03145,0.02731,0.99822,0.05948,-0.00354,-0.05949,0.99823,-0.00177,0.00342,0.00197,0.99999,0.05948,-0.00296,-0.00385,-3.41633
5533738065138963,36633000,0.03900,0.07600,0.01900,-0.46800,-0.68400,-0.57600,0.00000,0.00000,0.00000,0.00000,0.02701,-0.03109,0.00000,0.03109,0.02701,0.99798,0.06348,-0.00387,-0.06351,0.99796,-0.00641,0.00346,0.00665,0.99997,0.06341,-0.00770,-0.00391,-3.64658
5533738094569886,29430923,0.03900,0.07600,0.01900,-0.50400,-0.64800,-0.61200,0.00000,0.00000,0.00000,0.00000,0.02895,-0.03343,0.00000,0.03343,0.02895,0.99812,0.06112,-0.00388,-0.06114,0.99811,-0.00646,0.00347,0.00669,0.99997,0.06104,-0.00770,-0.00391,-3.51112
5533738131156425,36586539,0.01000,0.05700,0.05700,-0.50400,-0.64800,-0.61200,0.00000,0.00000,0.00000,0.00000,0.02719,-0.03130,0.00000,0.03130,0.02719,0.99824,0.05922,-0.00077,-0.05923,0.99823,-0.00477,0.00049,0.00480,0.99999,0.05917,-0.00579,-0.00091,-3.39552
5533738160510579,29354154,0.01000,0.05700,0.05700,-0.50400,-0.64800,-0.61200,0.00000,0.00000,0.00000,0.00000,0.02719,-0.03130,0.00000,0.03130,0.02719,0.99824,0.05922,-0.00077,-0.05923,0.99823,-0.00477,0.00049,0.00480,0.99999,0.05917,-0.00579,-0.00091,-3.39552
5533738197150271,36639692,0.10600,0.00000,-0.03800,-0.50400,-0.64800,-0.61200,0.00000,0.00000,0.00000,0.00000,0.03389,-0.03944,0.00000,0.03944,0.03389,0.99841,0.05537,-0.01038,-0.05536,0.99847,0.00153,0.01044,-0.00095,0.99995,0.05541,0.00003,-0.01085,-3.22962
5533738226561348,29411077,0.10600,0.00000,-0.03800,-0.68400,-0.72000,-0.57600,0.00000,0.00000,0.00000,0.00000,0.03689,-0.04313,0.00000,0.04313,0.03689,0.99802,0.06211,-0.01031,-0.06210,0.99807,0.00171,0.01040,-0.00106,0.99995,0.06216,0.00003,-0.01085,-3.60978
5533738292524655,29369230,0.02900,0.01900,0.04800,-0.68400,-0.68400,-0.36000,0.00000,0.00000,0.00000,0.00000,0.02593,-0.02979,0.00000,0.02979,0.02593,0.99818,0.06030,-0.00246,-0.06030,0.99818,-0.00080,0.00241,0.00095,1.00000,0.06031,-0.00195,-0.00285,-3.45949
5533738329175579,36650924,0.00000,0.02900,0.02900,-0.68400,-0.68400,-0.36000,0.00000,0.00000,0.00000,0.00000,0.02401,-0.02751,0.00000,0.02751,0.02401,0.99815,0.06085,0.00037,-0.06085,0.99814,-0.00197,-0.00049,0.00194,1.00000,0.06085,-0.00295,0.00005,-3.48897
5533738358571886,29396307,0.00000,0.02900,0.02900,-0.68400,-0.68400,-0.36000,0.00000,0.00000,0.00000,0.00000,0.02401,-0.02751,0.00000,0.02751,0.02401,0.99815,0.06085,0.00037,-0.06085,0.99814,-0.00197,-0.00049,0.00194,1.00000,0.06085,-0.00295,0.00005,-3.48897
5533738395180502,36608616,0.03900,0.03800,0.01900,-0.68400,-0.68400,-0.36000,0.00000,0.00000,0.00000,0.00000,0.02647,-0.03045,0.00000,0.03045,0.02647,0.99807,0.06201,-0.00364,-0.06202,0.99807,-0.00261,0.00347,0.00283,0.99999,0.06200,-0.00386,-0.00391,-3.56145
5533738461136655,32381461,0.07700,0.07600,-0.01900,-0.68400,-0.64800,-0.36000,0.00000,0.00000,0.00000,0.00000,0.02880,-0.03324,0.00000,0.03324,0.02880,0.99798,0.06300,-0.00780,-0.06305,0.99799,-0.00618,0.00740,0.00665,0.99995,0.06293,-0.00770,-0.00785,-3.63976
5533738490505886,29369231,0.07700,0.07600,-0.01900,-0.68400,-0.64800,-0.39600,0.00000,0.00000,0.00000,0.00000,0.02977,-0.03442,0.00000,0.03442,0.02977,0.99798,0.06299,-0.00780,-0.06304,0.99799,-0.00618,0.00740,0.00665,0.99995,0.06292,-0.00770,-0.00785,-3.63933
5533738527148271,36642385,0.08700,0.02900,-0.03800,-0.68400,-0.64800,-0.39600,0.00000,0.00000,0.00000,0.00000,0.03079,-0.03565,0.00000,0.03565,0.03079,0.99821,0.05911,-0.00859,-0.05912,0.99825,-0.00143,0.00849,0.00194,0.99996,0.05910,-0.00292,-0.00891,-3.42400
5533738556536117,29387846,0.08700,0.02900,-0.03800,-0.68400,-0.64800,-0.39600,0.00000,0.00000,0.00000,0.00000,0.03079,-0.03565,0.00000,0.03565,0.03079,0.99821,0.05911,-0.00859,-0.05912,0.99825,-0.00143,0.00849,0.00194,0.99996,0.05910,-0.00292,-0.00891,-3.42400
5533738593158425,36622308,0.04800,0.03800,-0.02900,-0.68400,-0.64800,-0.39600,0.00000,0.00000,0.00000,0.00000,0.02820,-0.03251,0.00000,0.03251,0.02820,0.99822,0.05948,-0.00466,-0.05949,0.99823,-0.00258,0.00450,0.00285,0.99999,0.05946,-0.00384,-0.00493,-3.42062
5533738622529425,29371000,0.04800,0.03800,-0.02900,-0.68400,-0.64800,-0.39600,0.00000,0.00000,0.00000,0.00000,0.02820,-0.03251,0.00000,0.03251,0.02820,0.99822,0.05948,-0.00466,-0.05949,0.99823,-0.00258,0.00450,0.00285,0.99999,0.05946,-0.00384,-0.00493,-3.42062
5533738688509886,23498000,0.06700,0.07600,0.01900,-0.68400,-0.64800,-0.39600,0.00000,0.00000,0.00000,0.00000,0.02907,-0.03357,0.00000,0.03357,0.02907,0.99800,0.06289,-0.00670,-0.06294,0.99800,-0.00625,0.00629,0.00666,0.99996,0.06282,-0.00770,-0.00675,-3.62644
5533738725155732,36645846,0.09600,0.10400,0.22000,-0.68400,-0.64800,-0.39600,0.00000,0.00000,0.00000,0.00000,0.03041,-0.03519,0.00000,0.03519,0.03041,0.99781,0.06543,-0.00928,-0.06551,0.99781,-0.00880,0.00869,0.00939,0.99992,0.06531,-0.01048,-0.00916,-3.78905
5533738754510655,29354923,0.09600,0.10400,0.22000,-0.68400,-0.64800,-0.39600,0.00000,0.00000,0.00000,0.00000,0.03041,-0.03519,0.00000,0.03519,0.03041,0.99781,0.06543,-0.00928,-0.06551,0.99781,-0.00880,0.00869,0.00939,0.99992,0.06531,-0.01048,-0.00916,-3.78905
5533738791142655,36632000,0.09600,-0.16300,-0.09600,-0.68400,-0.64800,-0.39600,0.00000,0.00000,0.00000,0.00000,0.03298,-0.03833,0.00000,0.03833,0.03298,0.99904,0.04290,-0.00891,-0.04273,0.99893,0.01786,0.00966,-0.01746,0.99980,0.04320,0.01675,-0.00998,-2.51123
5533738820554117,29411462,0.09600,-0.16300,-0.09600,-0.68400,-0.64800,-0.36000,0.00000,0.00000,0.00000,0.00000,0.03202,-0.03714,0.00000,0.03714,0.03202,0.99904,0.04284,-0.00891,-0.04268,0.99893,0.01786,0.00966,-0.01746,0.99980,0.04315,0.01675,-0.00998,-2.50804
5533738886523732,29342692,0.01000,0.07600,-0.09600,-0.68400,-0.64800,-0.32400,0.00000,0.00000,0.00000,0.00000,0.02357,-0.02698,0.00000,0.02698,0.02357,0.99805,0.06239,-0.00115,-0.06240,0.99803,-0.00661,0.00074,0.00666,0.99998,0.06231,-0.00770,-0.00118,-3.57780
5533738930259655,43735923,0.06700,0.07600,0.01900,-0.68400,-0.64800,-0.32400,0.00000,0.00000,0.00000,0.00000,0.02712,-0.03122,0.00000,0.03122,0.02712,0.99800,0.06291,-0.00670,-0.06295,0.99800,-0.00625,0.00629,0.00666,0.99996,0.06283,-0.00770,-0.00675,-3.62709
5533738952514117,22254462,0.06700,0.07600,0.01900,-0.64800,-0.64800,-0.32400,0.00000,0.00000,0.00000,0.00000,0.02627,-0.03020,0.00000,0.03020,0.02627,0.99802,0.06262,-0.00670,-0.06266,0.99802,-0.00625,0.00630,0.00666,0.99996,0.06254,-0.00770,-0.00675,-3.61059
5533738989147963,36633846,0.01000,0.02900,0.01900,-0.64800,-0.64800,-0.32400,0.00000,0.00000,0.00000,0.00000,0.02293,-0.02623,0.00000,0.02623,0.02293,0.99832,0.05802,-0.00068,-0.05802,0.99831,-0.00195,0.00056,0.00198,1.00000,0.05801,-0.00295,-0.00098,-3.32620
5533739018517040,29369077,0.01000,0.02900,0.01900,-0.64800,-0.61200,-0.39600,0.00000,0.00000,0.00000,0.00000,0.02500,-0.02869,0.00000,0.02869,0.02500,0.99846,0.05540,-0.00069,-0.05540,0.99846,-0.00199,0.00058,0.00203,1.00000,0.05539,-0.00295,-0.00098,-3.17626
5533739084566655,29192076,0.05800,0.09500,0.09600,-0.54000,-0.75600,-0.93600,0.00000,0.00000,0.00000,0.00000,0.03947,-0.04635,0.00000,0.04635,0.03947,0.99746,0.07100,-0.00574,-0.07105,0.99744,-0.00804,0.00516,0.00843,0.99995,0.07091,-0.00961,-0.00566,-4.08485
5533739121186040,36619385,0.01000,0.04800,0.05700,-0.54000,-0.75600,-0.93600,0.00000,0.00000,0.00000,0.00000,0.03682,-0.04305,0.00000,0.04305,0.03682,0.99777,0.06675,-0.00069,-0.06675,0.99776,-0.00373,0.00044,0.00377,0.99999,0.06673,-0.00488,-0.00091,-3.82776
5533739150527579,29341539,0.01000,0.04800,0.05700,-0.43200,-0.57600,-0.86400,0.00000,0.00000,0.00000,0.00000,0.03278,-0.03807,0.00000,0.03807,0.03278,0.99862,0.05251,-0.00074,-0.05251,0.99861,-0.00398,0.00053,0.00401,0.99999,0.05246,-0.00488,-0.00091,-3.01045
5533739216527425,28545923,0.01900,0.05700,-0.03800,-0.43200,-0.57600,-0.86400,0.00000,0.00000,0.00000,0.00000,0.03339,-0.03882,0.00000,0.03882,0.03339,0.99857,0.05336,-0.00187,-0.05336,0.99856,-0.00479,0.00161,0.00488,0.99999,0.05329,-0.00577,-0.00200,-3.06037
5533739253170194,36642769,0.06700,0.06700,-0.07700,-0.43200,-0.57600,-0.86400,0.00000,0.00000,0.00000,0.00000,0.03643,-0.04256,0.00000,0.04256,0.03643,0.99848,0.05468,-0.00689,-0.05472,0.99849,-0.00551,0.00658,0.00588,0.99996,0.05460,-0.00678,-0.00697,-3.15920
5533739282552194,29382000,0.06700,0.06700,-0.07700,-0.43200,-0.57600,-0.90000,0.00000,0.00000,0.00000,0.00000,0.03743,-0.04380,0.00000,0.04380,0.03743,0.99848,0.05467,-0.00689,-0.05471,0.99849,-0.00551,0.00658,0.00588,0.99996,0.05460,-0.00678,-0.00697,-3.15883
5533739319188732,36636538,0.03900,0.01900,0.06700,-0.43200,-0.57600,-0.90000,0.00000,0.00000,0.00000,0.00000,0.03582,-0.04182,0.00000,0.04182,0.03582,0.99872,0.05042,-0.00350,-0.05042,0.99873,-0.00095,0.00345,0.00113,0.99999,0.05041,-0.00197,-0.00382,-2.89678
5533739348541425,29352693,0.03900,0.01900,0.06700,-0.43200,-0.54000,-0.90000,0.00000,0.00000,0.00000,0.00000,0.03593,-0.04195,0.00000,0.04195,0.03593,0.99885,0.04775,-0.00352,-0.04776,0.99886,-0.00101,0.00347,0.00117,0.99999,0.04775,-0.00197,-0.00382,-2.74452
5533739414511194,21081385,0.06700,0.05700,0.05700,-0.43200,-0.54000,-0.86400,0.00000,0.00000,0.00000,0.00000,0.03641,-0.04254,0.00000,0.04254,0.03641,0.99867,0.05117,-0.00653,-0.05120,0.99868,-0.00461,0.00628,0.00494,0.99997,0.05111,-0.00579,-0.00666,-2.95724
5533739451140040,36628846,0.08700,0.09500,-0.06700,-0.43200,-0.54000,-0.86400,0.00000,0.00000,0.00000,0.00000,0.03757,-0.04398,0.00000,0.04398,0.03757,0.99847,0.05455,-0.00906,-0.05462,0.99847,-0.00825,0.00859,0.00874,0.99992,0.05442,-0.00964,-0.00899,-3.16966
5533739480507579,29367539,0.08700,0.09500,-0.06700,-0.43200,-0.54000,-0.86400,0.00000,0.00000,0.00000,0.00000,0.03757,-0.04398,0.00000,0.04398,0.03757,0.99847,0.05455,-0.00906,-0.05462,0.99847,-0.00825,0.00859,0.00874,0.99992,0.05442,-0.00964,-0.00899,-3.16966
5533739517170886,36663307,0.03900,0.05700,0.00000,-0.43200,-0.54000,-0.86400,0.00000,0.00000,0.00000,0.00000,0.03472,-0.04045,0.00000,0.04045,0.03472,0.99870,0.05089,-0.00383,-0.05091,0.99869,-0.00474,0.00358,0.00493,0.99998,0.05083,-0.00578,-0.00395,-2.92543
5533739583241271,36621308,0.03900,0.09500,0.01900,-0.43200,-0.75600,-0.46800,0.00000,0.00000,0.00000,0.00000,0.02284,-0.02612,0.00000,0.02612,0.02284,0.99753,0.07019,-0.00400,-0.07022,0.99750,-0.00819,0.00341,0.00846,0.99996,0.07010,-0.00963,-0.00391,-4.03119
